len, eq, sch, tpb, gpuA, nX, tf, tcost
1, heat, S, 64, 0, 10000, 0.6, 1.792
5, heat, S, 64, 0, 50000, 0.6, 1.931
10, heat, S, 64, 0, 100000, 0.6, 1.996
200, heat, S, 64, 0, 2000000, 0.6, 2.898
800, heat, S, 64, 0, 8000000, 0.6, 5.149
1, heat, S, 64, 5, 10000, 0.6, 2.117
5, heat, S, 64, 5, 50000, 0.6, 2.093
10, heat, S, 64, 5, 100000, 0.6, 2.036
200, heat, S, 64, 5, 2000000, 0.6, 2.807
800, heat, S, 64, 5, 8000000, 0.6, 5.283
1, heat, S, 64, 10, 10000, 0.6, 2.048
5, heat, S, 64, 10, 50000, 0.6, 2.170
10, heat, S, 64, 10, 100000, 0.6, 2.157
200, heat, S, 64, 10, 2000000, 0.6, 2.943
800, heat, S, 64, 10, 8000000, 0.6, 5.415
1, heat, S, 64, 15, 10000, 0.6, 2.004
5, heat, S, 64, 15, 50000, 0.6, 2.228
10, heat, S, 64, 15, 100000, 0.6, 1.986
200, heat, S, 64, 15, 2000000, 0.6, 2.926
800, heat, S, 64, 15, 8000000, 0.6, 5.446
1, heat, S, 64, 20, 10000, 0.6, 2.062
5, heat, S, 64, 20, 50000, 0.6, 2.078
10, heat, S, 64, 20, 100000, 0.6, 2.035
200, heat, S, 64, 20, 2000000, 0.6, 2.912
800, heat, S, 64, 20, 8000000, 0.6, 5.395
1, heat, S, 64, 25, 10000, 0.6, 2.126
5, heat, S, 64, 25, 50000, 0.6, 2.046
10, heat, S, 64, 25, 100000, 0.6, 2.287
200, heat, S, 64, 25, 2000000, 0.6, 2.895
800, heat, S, 64, 25, 8000000, 0.6, 5.315
1, heat, S, 64, 30, 10000, 0.6, 2.120
5, heat, S, 64, 30, 50000, 0.6, 2.190
10, heat, S, 64, 30, 100000, 0.6, 2.067
200, heat, S, 64, 30, 2000000, 0.6, 2.947
800, heat, S, 64, 30, 8000000, 0.6, 5.367
1, heat, S, 64, 35, 10000, 0.6, 2.013
5, heat, S, 64, 35, 50000, 0.6, 2.036
10, heat, S, 64, 35, 100000, 0.6, 2.136
200, heat, S, 64, 35, 2000000, 0.6, 2.857
800, heat, S, 64, 35, 8000000, 0.6, 5.397
1, heat, S, 64, 40, 10000, 0.6, 2.101
5, heat, S, 64, 40, 50000, 0.6, 2.025
10, heat, S, 64, 40, 100000, 0.6, 2.034
200, heat, S, 64, 40, 2000000, 0.6, 2.870
800, heat, S, 64, 40, 8000000, 0.6, 5.246
1, heat, S, 64, 45, 10000, 0.6, 2.202
5, heat, S, 64, 45, 50000, 0.6, 2.109
10, heat, S, 64, 45, 100000, 0.6, 2.049
200, heat, S, 64, 45, 2000000, 0.6, 2.866
800, heat, S, 64, 45, 8000000, 0.6, 5.216
1, heat, S, 64, 50, 10000, 0.6, 2.138
5, heat, S, 64, 50, 50000, 0.6, 2.217
10, heat, S, 64, 50, 100000, 0.6, 2.204
200, heat, S, 64, 50, 2000000, 0.6, 2.933
800, heat, S, 64, 50, 8000000, 0.6, 5.385
1, heat, S, 64, 55, 10000, 0.6, 2.161
5, heat, S, 64, 55, 50000, 0.6, 2.125
10, heat, S, 64, 55, 100000, 0.6, 2.097
200, heat, S, 64, 55, 2000000, 0.6, 2.751
800, heat, S, 64, 55, 8000000, 0.6, 5.202
1, heat, S, 64, 60, 10000, 0.6, 2.034
5, heat, S, 64, 60, 50000, 0.6, 2.131
10, heat, S, 64, 60, 100000, 0.6, 2.163
200, heat, S, 64, 60, 2000000, 0.6, 2.914
800, heat, S, 64, 60, 8000000, 0.6, 5.387
1, heat, S, 64, 65, 10000, 0.6, 2.106
5, heat, S, 64, 65, 50000, 0.6, 2.108
10, heat, S, 64, 65, 100000, 0.6, 2.059
200, heat, S, 64, 65, 2000000, 0.6, 2.908
800, heat, S, 64, 65, 8000000, 0.6, 5.267
1, heat, S, 64, 70, 10000, 0.6, 1.983
5, heat, S, 64, 70, 50000, 0.6, 2.074
10, heat, S, 64, 70, 100000, 0.6, 2.181
200, heat, S, 64, 70, 2000000, 0.6, 3.682
800, heat, S, 64, 70, 8000000, 0.6, 5.479
1, heat, S, 64, 75, 10000, 0.6, 2.000
5, heat, S, 64, 75, 50000, 0.6, 2.537
10, heat, S, 64, 75, 100000, 0.6, 2.034
200, heat, S, 64, 75, 2000000, 0.6, 2.755
800, heat, S, 64, 75, 8000000, 0.6, 5.159
1, heat, S, 64, 80, 10000, 0.6, 2.158
5, heat, S, 64, 80, 50000, 0.6, 2.223
10, heat, S, 64, 80, 100000, 0.6, 2.143
200, heat, S, 64, 80, 2000000, 0.6, 2.815
800, heat, S, 64, 80, 8000000, 0.6, 5.237
1, heat, S, 64, 85, 10000, 0.6, 2.168
5, heat, S, 64, 85, 50000, 0.6, 2.025
10, heat, S, 64, 85, 100000, 0.6, 2.061
200, heat, S, 64, 85, 2000000, 0.6, 2.882
800, heat, S, 64, 85, 8000000, 0.6, 5.240
1, heat, S, 64, 90, 10000, 0.6, 2.006
5, heat, S, 64, 90, 50000, 0.6, 2.083
10, heat, S, 64, 90, 100000, 0.6, 2.727
200, heat, S, 64, 90, 2000000, 0.6, 4.495
800, heat, S, 64, 90, 8000000, 0.6, 6.754
1, heat, S, 64, 95, 10000, 0.6, 2.820
5, heat, S, 64, 95, 50000, 0.6, 2.080
10, heat, S, 64, 95, 100000, 0.6, 2.138
200, heat, S, 64, 95, 2000000, 0.6, 2.983
800, heat, S, 64, 95, 8000000, 0.6, 5.343
1, heat, S, 64, 100, 10000, 0.6, 2.092
5, heat, S, 64, 100, 50000, 0.6, 2.841
10, heat, S, 64, 100, 100000, 0.6, 2.855
200, heat, S, 64, 100, 2000000, 0.6, 4.046
800, heat, S, 64, 100, 8000000, 0.6, 6.016
1, heat, S, 96, 0, 10000, 0.6, 1.810
5, heat, S, 96, 0, 50000, 0.6, 1.902
10, heat, S, 96, 0, 100000, 0.6, 1.845
200, heat, S, 96, 0, 2000000, 0.6, 2.693
800, heat, S, 96, 0, 8000000, 0.6, 5.011
1, heat, S, 96, 5, 10000, 0.6, 2.087
5, heat, S, 96, 5, 50000, 0.6, 2.115
10, heat, S, 96, 5, 100000, 0.6, 2.127
200, heat, S, 96, 5, 2000000, 0.6, 3.089
800, heat, S, 96, 5, 8000000, 0.6, 5.957
1, heat, S, 96, 10, 10000, 0.6, 2.193
5, heat, S, 96, 10, 50000, 0.6, 2.140
10, heat, S, 96, 10, 100000, 0.6, 2.070
200, heat, S, 96, 10, 2000000, 0.6, 2.760
800, heat, S, 96, 10, 8000000, 0.6, 5.182
1, heat, S, 96, 15, 10000, 0.6, 2.014
5, heat, S, 96, 15, 50000, 0.6, 2.160
10, heat, S, 96, 15, 100000, 0.6, 2.038
200, heat, S, 96, 15, 2000000, 0.6, 2.745
800, heat, S, 96, 15, 8000000, 0.6, 5.110
1, heat, S, 96, 20, 10000, 0.6, 2.094
5, heat, S, 96, 20, 50000, 0.6, 2.068
10, heat, S, 96, 20, 100000, 0.6, 2.160
200, heat, S, 96, 20, 2000000, 0.6, 2.754
800, heat, S, 96, 20, 8000000, 0.6, 5.215
1, heat, S, 96, 25, 10000, 0.6, 2.224
5, heat, S, 96, 25, 50000, 0.6, 2.177
10, heat, S, 96, 25, 100000, 0.6, 1.995
200, heat, S, 96, 25, 2000000, 0.6, 2.856
800, heat, S, 96, 25, 8000000, 0.6, 5.046
1, heat, S, 96, 30, 10000, 0.6, 2.061
5, heat, S, 96, 30, 50000, 0.6, 2.164
10, heat, S, 96, 30, 100000, 0.6, 2.100
200, heat, S, 96, 30, 2000000, 0.6, 2.831
800, heat, S, 96, 30, 8000000, 0.6, 5.028
1, heat, S, 96, 35, 10000, 0.6, 2.155
5, heat, S, 96, 35, 50000, 0.6, 2.128
10, heat, S, 96, 35, 100000, 0.6, 2.149
200, heat, S, 96, 35, 2000000, 0.6, 2.708
800, heat, S, 96, 35, 8000000, 0.6, 5.171
1, heat, S, 96, 40, 10000, 0.6, 2.074
5, heat, S, 96, 40, 50000, 0.6, 2.153
10, heat, S, 96, 40, 100000, 0.6, 2.277
200, heat, S, 96, 40, 2000000, 0.6, 2.805
800, heat, S, 96, 40, 8000000, 0.6, 5.070
1, heat, S, 96, 45, 10000, 0.6, 2.222
5, heat, S, 96, 45, 50000, 0.6, 2.035
10, heat, S, 96, 45, 100000, 0.6, 2.111
200, heat, S, 96, 45, 2000000, 0.6, 2.756
800, heat, S, 96, 45, 8000000, 0.6, 5.135
1, heat, S, 96, 50, 10000, 0.6, 1.973
5, heat, S, 96, 50, 50000, 0.6, 2.089
10, heat, S, 96, 50, 100000, 0.6, 2.163
200, heat, S, 96, 50, 2000000, 0.6, 2.927
800, heat, S, 96, 50, 8000000, 0.6, 5.183
1, heat, S, 96, 55, 10000, 0.6, 3.256
5, heat, S, 96, 55, 50000, 0.6, 3.106
10, heat, S, 96, 55, 100000, 0.6, 2.241
200, heat, S, 96, 55, 2000000, 0.6, 2.856
800, heat, S, 96, 55, 8000000, 0.6, 5.024
1, heat, S, 96, 60, 10000, 0.6, 1.948
5, heat, S, 96, 60, 50000, 0.6, 2.111
10, heat, S, 96, 60, 100000, 0.6, 2.028
200, heat, S, 96, 60, 2000000, 0.6, 2.824
800, heat, S, 96, 60, 8000000, 0.6, 5.096
1, heat, S, 96, 65, 10000, 0.6, 2.092
5, heat, S, 96, 65, 50000, 0.6, 2.025
10, heat, S, 96, 65, 100000, 0.6, 2.209
200, heat, S, 96, 65, 2000000, 0.6, 2.832
800, heat, S, 96, 65, 8000000, 0.6, 5.059
1, heat, S, 96, 70, 10000, 0.6, 1.982
5, heat, S, 96, 70, 50000, 0.6, 2.154
10, heat, S, 96, 70, 100000, 0.6, 1.967
200, heat, S, 96, 70, 2000000, 0.6, 2.681
800, heat, S, 96, 70, 8000000, 0.6, 5.097
1, heat, S, 96, 75, 10000, 0.6, 2.194
5, heat, S, 96, 75, 50000, 0.6, 2.033
10, heat, S, 96, 75, 100000, 0.6, 2.122
200, heat, S, 96, 75, 2000000, 0.6, 2.894
800, heat, S, 96, 75, 8000000, 0.6, 5.132
1, heat, S, 96, 80, 10000, 0.6, 2.222
5, heat, S, 96, 80, 50000, 0.6, 2.078
10, heat, S, 96, 80, 100000, 0.6, 2.121
200, heat, S, 96, 80, 2000000, 0.6, 2.737
800, heat, S, 96, 80, 8000000, 0.6, 5.125
1, heat, S, 96, 85, 10000, 0.6, 1.983
5, heat, S, 96, 85, 50000, 0.6, 1.962
10, heat, S, 96, 85, 100000, 0.6, 2.160
200, heat, S, 96, 85, 2000000, 0.6, 2.670
800, heat, S, 96, 85, 8000000, 0.6, 5.114
1, heat, S, 96, 90, 10000, 0.6, 2.176
5, heat, S, 96, 90, 50000, 0.6, 1.986
10, heat, S, 96, 90, 100000, 0.6, 1.967
200, heat, S, 96, 90, 2000000, 0.6, 2.862
800, heat, S, 96, 90, 8000000, 0.6, 5.202
1, heat, S, 96, 95, 10000, 0.6, 2.011
5, heat, S, 96, 95, 50000, 0.6, 2.190
10, heat, S, 96, 95, 100000, 0.6, 2.133
200, heat, S, 96, 95, 2000000, 0.6, 2.770
800, heat, S, 96, 95, 8000000, 0.6, 5.102
1, heat, S, 96, 100, 10000, 0.6, 2.215
5, heat, S, 96, 100, 50000, 0.6, 2.004
10, heat, S, 96, 100, 100000, 0.6, 2.027
200, heat, S, 96, 100, 2000000, 0.6, 2.757
800, heat, S, 96, 100, 8000000, 0.6, 5.096
1, heat, S, 128, 0, 10000, 0.6, 1.844
5, heat, S, 128, 0, 50000, 0.6, 1.817
10, heat, S, 128, 0, 100000, 0.6, 1.816
200, heat, S, 128, 0, 2000000, 0.6, 2.523
800, heat, S, 128, 0, 8000000, 0.6, 4.810
1, heat, S, 128, 5, 10000, 0.6, 2.153
5, heat, S, 128, 5, 50000, 0.6, 2.029
10, heat, S, 128, 5, 100000, 0.6, 2.002
200, heat, S, 128, 5, 2000000, 0.6, 2.764
800, heat, S, 128, 5, 8000000, 0.6, 4.921
1, heat, S, 128, 10, 10000, 0.6, 2.232
5, heat, S, 128, 10, 50000, 0.6, 2.019
10, heat, S, 128, 10, 100000, 0.6, 2.116
200, heat, S, 128, 10, 2000000, 0.6, 2.695
800, heat, S, 128, 10, 8000000, 0.6, 5.143
1, heat, S, 128, 15, 10000, 0.6, 1.951
5, heat, S, 128, 15, 50000, 0.6, 2.137
10, heat, S, 128, 15, 100000, 0.6, 1.879
200, heat, S, 128, 15, 2000000, 0.6, 2.796
800, heat, S, 128, 15, 8000000, 0.6, 4.983
1, heat, S, 128, 20, 10000, 0.6, 1.973
5, heat, S, 128, 20, 50000, 0.6, 2.165
10, heat, S, 128, 20, 100000, 0.6, 2.320
200, heat, S, 128, 20, 2000000, 0.6, 2.754
800, heat, S, 128, 20, 8000000, 0.6, 5.088
1, heat, S, 128, 25, 10000, 0.6, 2.018
5, heat, S, 128, 25, 50000, 0.6, 1.904
10, heat, S, 128, 25, 100000, 0.6, 2.226
200, heat, S, 128, 25, 2000000, 0.6, 2.827
800, heat, S, 128, 25, 8000000, 0.6, 5.113
1, heat, S, 128, 30, 10000, 0.6, 2.087
5, heat, S, 128, 30, 50000, 0.6, 2.071
10, heat, S, 128, 30, 100000, 0.6, 2.124
200, heat, S, 128, 30, 2000000, 0.6, 2.703
800, heat, S, 128, 30, 8000000, 0.6, 4.946
1, heat, S, 128, 35, 10000, 0.6, 2.092
5, heat, S, 128, 35, 50000, 0.6, 2.157
10, heat, S, 128, 35, 100000, 0.6, 2.082
200, heat, S, 128, 35, 2000000, 0.6, 2.843
800, heat, S, 128, 35, 8000000, 0.6, 5.080
1, heat, S, 128, 40, 10000, 0.6, 2.022
5, heat, S, 128, 40, 50000, 0.6, 2.038
10, heat, S, 128, 40, 100000, 0.6, 2.031
200, heat, S, 128, 40, 2000000, 0.6, 2.751
800, heat, S, 128, 40, 8000000, 0.6, 4.919
1, heat, S, 128, 45, 10000, 0.6, 2.149
5, heat, S, 128, 45, 50000, 0.6, 1.969
10, heat, S, 128, 45, 100000, 0.6, 1.940
200, heat, S, 128, 45, 2000000, 0.6, 3.014
800, heat, S, 128, 45, 8000000, 0.6, 5.026
1, heat, S, 128, 50, 10000, 0.6, 2.038
5, heat, S, 128, 50, 50000, 0.6, 2.177
10, heat, S, 128, 50, 100000, 0.6, 1.913
200, heat, S, 128, 50, 2000000, 0.6, 2.923
800, heat, S, 128, 50, 8000000, 0.6, 5.045
1, heat, S, 128, 55, 10000, 0.6, 2.061
5, heat, S, 128, 55, 50000, 0.6, 2.115
10, heat, S, 128, 55, 100000, 0.6, 2.053
200, heat, S, 128, 55, 2000000, 0.6, 2.864
800, heat, S, 128, 55, 8000000, 0.6, 5.096
1, heat, S, 128, 60, 10000, 0.6, 1.956
5, heat, S, 128, 60, 50000, 0.6, 1.964
10, heat, S, 128, 60, 100000, 0.6, 2.049
200, heat, S, 128, 60, 2000000, 0.6, 2.770
800, heat, S, 128, 60, 8000000, 0.6, 5.043
1, heat, S, 128, 65, 10000, 0.6, 2.137
5, heat, S, 128, 65, 50000, 0.6, 2.182
10, heat, S, 128, 65, 100000, 0.6, 2.154
200, heat, S, 128, 65, 2000000, 0.6, 2.772
800, heat, S, 128, 65, 8000000, 0.6, 5.038
1, heat, S, 128, 70, 10000, 0.6, 2.070
5, heat, S, 128, 70, 50000, 0.6, 2.015
10, heat, S, 128, 70, 100000, 0.6, 2.103
200, heat, S, 128, 70, 2000000, 0.6, 2.700
800, heat, S, 128, 70, 8000000, 0.6, 4.961
1, heat, S, 128, 75, 10000, 0.6, 2.036
5, heat, S, 128, 75, 50000, 0.6, 2.132
10, heat, S, 128, 75, 100000, 0.6, 2.031
200, heat, S, 128, 75, 2000000, 0.6, 2.725
800, heat, S, 128, 75, 8000000, 0.6, 4.966
1, heat, S, 128, 80, 10000, 0.6, 2.020
5, heat, S, 128, 80, 50000, 0.6, 2.024
10, heat, S, 128, 80, 100000, 0.6, 2.232
200, heat, S, 128, 80, 2000000, 0.6, 2.779
800, heat, S, 128, 80, 8000000, 0.6, 5.055
1, heat, S, 128, 85, 10000, 0.6, 2.065
5, heat, S, 128, 85, 50000, 0.6, 2.149
10, heat, S, 128, 85, 100000, 0.6, 2.051
200, heat, S, 128, 85, 2000000, 0.6, 2.817
800, heat, S, 128, 85, 8000000, 0.6, 5.082
1, heat, S, 128, 90, 10000, 0.6, 2.106
5, heat, S, 128, 90, 50000, 0.6, 1.971
10, heat, S, 128, 90, 100000, 0.6, 2.036
200, heat, S, 128, 90, 2000000, 0.6, 2.783
800, heat, S, 128, 90, 8000000, 0.6, 5.114
1, heat, S, 128, 95, 10000, 0.6, 2.093
5, heat, S, 128, 95, 50000, 0.6, 2.139
10, heat, S, 128, 95, 100000, 0.6, 2.137
200, heat, S, 128, 95, 2000000, 0.6, 2.791
800, heat, S, 128, 95, 8000000, 0.6, 4.981
1, heat, S, 128, 100, 10000, 0.6, 2.137
5, heat, S, 128, 100, 50000, 0.6, 2.102
10, heat, S, 128, 100, 100000, 0.6, 1.981
200, heat, S, 128, 100, 2000000, 0.6, 2.687
800, heat, S, 128, 100, 8000000, 0.6, 5.302
1, heat, S, 192, 0, 10000, 0.6, 1.734
5, heat, S, 192, 0, 50000, 0.6, 1.899
10, heat, S, 192, 0, 100000, 0.6, 1.820
200, heat, S, 192, 0, 2000000, 0.6, 2.541
800, heat, S, 192, 0, 8000000, 0.6, 4.707
1, heat, S, 192, 5, 10000, 0.6, 1.994
5, heat, S, 192, 5, 50000, 0.6, 2.121
10, heat, S, 192, 5, 100000, 0.6, 2.133
200, heat, S, 192, 5, 2000000, 0.6, 2.620
800, heat, S, 192, 5, 8000000, 0.6, 4.774
1, heat, S, 192, 10, 10000, 0.6, 2.022
5, heat, S, 192, 10, 50000, 0.6, 2.010
10, heat, S, 192, 10, 100000, 0.6, 2.049
200, heat, S, 192, 10, 2000000, 0.6, 2.772
800, heat, S, 192, 10, 8000000, 0.6, 4.931
1, heat, S, 192, 15, 10000, 0.6, 2.124
5, heat, S, 192, 15, 50000, 0.6, 2.100
10, heat, S, 192, 15, 100000, 0.6, 2.142
200, heat, S, 192, 15, 2000000, 0.6, 2.751
800, heat, S, 192, 15, 8000000, 0.6, 4.940
1, heat, S, 192, 20, 10000, 0.6, 2.139
5, heat, S, 192, 20, 50000, 0.6, 1.995
10, heat, S, 192, 20, 100000, 0.6, 2.062
200, heat, S, 192, 20, 2000000, 0.6, 2.860
800, heat, S, 192, 20, 8000000, 0.6, 4.958
1, heat, S, 192, 25, 10000, 0.6, 2.047
5, heat, S, 192, 25, 50000, 0.6, 2.285
10, heat, S, 192, 25, 100000, 0.6, 2.224
200, heat, S, 192, 25, 2000000, 0.6, 2.720
800, heat, S, 192, 25, 8000000, 0.6, 5.108
1, heat, S, 192, 30, 10000, 0.6, 2.194
5, heat, S, 192, 30, 50000, 0.6, 2.083
10, heat, S, 192, 30, 100000, 0.6, 2.344
200, heat, S, 192, 30, 2000000, 0.6, 2.740
800, heat, S, 192, 30, 8000000, 0.6, 4.873
1, heat, S, 192, 35, 10000, 0.6, 2.073
5, heat, S, 192, 35, 50000, 0.6, 2.020
10, heat, S, 192, 35, 100000, 0.6, 2.175
200, heat, S, 192, 35, 2000000, 0.6, 2.915
800, heat, S, 192, 35, 8000000, 0.6, 4.898
1, heat, S, 192, 40, 10000, 0.6, 2.119
5, heat, S, 192, 40, 50000, 0.6, 2.087
10, heat, S, 192, 40, 100000, 0.6, 2.122
200, heat, S, 192, 40, 2000000, 0.6, 2.769
800, heat, S, 192, 40, 8000000, 0.6, 4.861
1, heat, S, 192, 45, 10000, 0.6, 2.075
5, heat, S, 192, 45, 50000, 0.6, 2.183
10, heat, S, 192, 45, 100000, 0.6, 2.138
200, heat, S, 192, 45, 2000000, 0.6, 2.668
800, heat, S, 192, 45, 8000000, 0.6, 4.860
1, heat, S, 192, 50, 10000, 0.6, 2.165
5, heat, S, 192, 50, 50000, 0.6, 2.152
10, heat, S, 192, 50, 100000, 0.6, 2.190
200, heat, S, 192, 50, 2000000, 0.6, 2.830
800, heat, S, 192, 50, 8000000, 0.6, 4.923
1, heat, S, 192, 55, 10000, 0.6, 2.102
5, heat, S, 192, 55, 50000, 0.6, 2.151
10, heat, S, 192, 55, 100000, 0.6, 2.010
200, heat, S, 192, 55, 2000000, 0.6, 2.842
800, heat, S, 192, 55, 8000000, 0.6, 4.882
1, heat, S, 192, 60, 10000, 0.6, 2.116
5, heat, S, 192, 60, 50000, 0.6, 2.136
10, heat, S, 192, 60, 100000, 0.6, 2.132
200, heat, S, 192, 60, 2000000, 0.6, 2.738
800, heat, S, 192, 60, 8000000, 0.6, 4.843
1, heat, S, 192, 65, 10000, 0.6, 2.152
5, heat, S, 192, 65, 50000, 0.6, 2.123
10, heat, S, 192, 65, 100000, 0.6, 2.277
200, heat, S, 192, 65, 2000000, 0.6, 2.674
800, heat, S, 192, 65, 8000000, 0.6, 4.863
1, heat, S, 192, 70, 10000, 0.6, 2.013
5, heat, S, 192, 70, 50000, 0.6, 2.129
10, heat, S, 192, 70, 100000, 0.6, 2.082
200, heat, S, 192, 70, 2000000, 0.6, 2.847
800, heat, S, 192, 70, 8000000, 0.6, 5.092
1, heat, S, 192, 75, 10000, 0.6, 2.091
5, heat, S, 192, 75, 50000, 0.6, 2.171
10, heat, S, 192, 75, 100000, 0.6, 2.143
200, heat, S, 192, 75, 2000000, 0.6, 2.791
800, heat, S, 192, 75, 8000000, 0.6, 4.812
1, heat, S, 192, 80, 10000, 0.6, 2.037
5, heat, S, 192, 80, 50000, 0.6, 2.035
10, heat, S, 192, 80, 100000, 0.6, 2.040
200, heat, S, 192, 80, 2000000, 0.6, 2.742
800, heat, S, 192, 80, 8000000, 0.6, 4.850
1, heat, S, 192, 85, 10000, 0.6, 2.000
5, heat, S, 192, 85, 50000, 0.6, 2.043
10, heat, S, 192, 85, 100000, 0.6, 2.132
200, heat, S, 192, 85, 2000000, 0.6, 2.738
800, heat, S, 192, 85, 8000000, 0.6, 4.917
1, heat, S, 192, 90, 10000, 0.6, 2.116
5, heat, S, 192, 90, 50000, 0.6, 1.935
10, heat, S, 192, 90, 100000, 0.6, 2.153
200, heat, S, 192, 90, 2000000, 0.6, 2.796
800, heat, S, 192, 90, 8000000, 0.6, 4.794
1, heat, S, 192, 95, 10000, 0.6, 2.147
5, heat, S, 192, 95, 50000, 0.6, 2.089
10, heat, S, 192, 95, 100000, 0.6, 2.032
200, heat, S, 192, 95, 2000000, 0.6, 2.748
800, heat, S, 192, 95, 8000000, 0.6, 4.841
1, heat, S, 192, 100, 10000, 0.6, 2.013
5, heat, S, 192, 100, 50000, 0.6, 2.109
10, heat, S, 192, 100, 100000, 0.6, 2.169
200, heat, S, 192, 100, 2000000, 0.6, 2.888
800, heat, S, 192, 100, 8000000, 0.6, 5.003
1, heat, S, 256, 0, 10000, 0.6, 1.731
5, heat, S, 256, 0, 50000, 0.6, 1.838
10, heat, S, 256, 0, 100000, 0.6, 1.838
200, heat, S, 256, 0, 2000000, 0.6, 2.558
800, heat, S, 256, 0, 8000000, 0.6, 4.519
1, heat, S, 256, 5, 10000, 0.6, 2.077
5, heat, S, 256, 5, 50000, 0.6, 2.137
10, heat, S, 256, 5, 100000, 0.6, 2.078
200, heat, S, 256, 5, 2000000, 0.6, 2.833
800, heat, S, 256, 5, 8000000, 0.6, 4.792
1, heat, S, 256, 10, 10000, 0.6, 2.142
5, heat, S, 256, 10, 50000, 0.6, 2.157
10, heat, S, 256, 10, 100000, 0.6, 2.114
200, heat, S, 256, 10, 2000000, 0.6, 2.854
800, heat, S, 256, 10, 8000000, 0.6, 4.947
1, heat, S, 256, 15, 10000, 0.6, 2.053
5, heat, S, 256, 15, 50000, 0.6, 2.076
10, heat, S, 256, 15, 100000, 0.6, 2.253
200, heat, S, 256, 15, 2000000, 0.6, 2.806
800, heat, S, 256, 15, 8000000, 0.6, 4.877
1, heat, S, 256, 20, 10000, 0.6, 2.126
5, heat, S, 256, 20, 50000, 0.6, 2.095
10, heat, S, 256, 20, 100000, 0.6, 2.052
200, heat, S, 256, 20, 2000000, 0.6, 2.771
800, heat, S, 256, 20, 8000000, 0.6, 4.968
1, heat, S, 256, 25, 10000, 0.6, 2.146
5, heat, S, 256, 25, 50000, 0.6, 2.190
10, heat, S, 256, 25, 100000, 0.6, 2.025
200, heat, S, 256, 25, 2000000, 0.6, 2.686
800, heat, S, 256, 25, 8000000, 0.6, 5.011
1, heat, S, 256, 30, 10000, 0.6, 2.508
5, heat, S, 256, 30, 50000, 0.6, 2.502
10, heat, S, 256, 30, 100000, 0.6, 2.358
200, heat, S, 256, 30, 2000000, 0.6, 2.704
800, heat, S, 256, 30, 8000000, 0.6, 5.498
1, heat, S, 256, 35, 10000, 0.6, 2.389
5, heat, S, 256, 35, 50000, 0.6, 2.599
10, heat, S, 256, 35, 100000, 0.6, 2.454
200, heat, S, 256, 35, 2000000, 0.6, 3.511
800, heat, S, 256, 35, 8000000, 0.6, 5.944
1, heat, S, 256, 40, 10000, 0.6, 2.190
5, heat, S, 256, 40, 50000, 0.6, 2.252
10, heat, S, 256, 40, 100000, 0.6, 2.254
200, heat, S, 256, 40, 2000000, 0.6, 3.071
800, heat, S, 256, 40, 8000000, 0.6, 4.967
1, heat, S, 256, 45, 10000, 0.6, 2.062
5, heat, S, 256, 45, 50000, 0.6, 2.178
10, heat, S, 256, 45, 100000, 0.6, 2.208
200, heat, S, 256, 45, 2000000, 0.6, 3.001
800, heat, S, 256, 45, 8000000, 0.6, 4.886
1, heat, S, 256, 50, 10000, 0.6, 2.107
5, heat, S, 256, 50, 50000, 0.6, 2.168
10, heat, S, 256, 50, 100000, 0.6, 2.134
200, heat, S, 256, 50, 2000000, 0.6, 3.054
800, heat, S, 256, 50, 8000000, 0.6, 4.971
1, heat, S, 256, 55, 10000, 0.6, 2.167
5, heat, S, 256, 55, 50000, 0.6, 2.350
10, heat, S, 256, 55, 100000, 0.6, 2.157
200, heat, S, 256, 55, 2000000, 0.6, 3.003
800, heat, S, 256, 55, 8000000, 0.6, 4.937
1, heat, S, 256, 60, 10000, 0.6, 2.118
5, heat, S, 256, 60, 50000, 0.6, 2.116
10, heat, S, 256, 60, 100000, 0.6, 2.114
200, heat, S, 256, 60, 2000000, 0.6, 2.898
800, heat, S, 256, 60, 8000000, 0.6, 4.986
1, heat, S, 256, 65, 10000, 0.6, 2.098
5, heat, S, 256, 65, 50000, 0.6, 1.944
10, heat, S, 256, 65, 100000, 0.6, 2.071
200, heat, S, 256, 65, 2000000, 0.6, 2.707
800, heat, S, 256, 65, 8000000, 0.6, 4.947
1, heat, S, 256, 70, 10000, 0.6, 2.136
5, heat, S, 256, 70, 50000, 0.6, 2.196
10, heat, S, 256, 70, 100000, 0.6, 2.175
200, heat, S, 256, 70, 2000000, 0.6, 2.763
800, heat, S, 256, 70, 8000000, 0.6, 5.018
1, heat, S, 256, 75, 10000, 0.6, 2.155
5, heat, S, 256, 75, 50000, 0.6, 2.119
10, heat, S, 256, 75, 100000, 0.6, 2.050
200, heat, S, 256, 75, 2000000, 0.6, 2.820
800, heat, S, 256, 75, 8000000, 0.6, 4.901
1, heat, S, 256, 80, 10000, 0.6, 2.145
5, heat, S, 256, 80, 50000, 0.6, 2.121
10, heat, S, 256, 80, 100000, 0.6, 2.065
200, heat, S, 256, 80, 2000000, 0.6, 2.784
800, heat, S, 256, 80, 8000000, 0.6, 4.893
1, heat, S, 256, 85, 10000, 0.6, 2.003
5, heat, S, 256, 85, 50000, 0.6, 2.131
10, heat, S, 256, 85, 100000, 0.6, 2.212
200, heat, S, 256, 85, 2000000, 0.6, 2.739
800, heat, S, 256, 85, 8000000, 0.6, 4.942
1, heat, S, 256, 90, 10000, 0.6, 2.120
5, heat, S, 256, 90, 50000, 0.6, 2.176
10, heat, S, 256, 90, 100000, 0.6, 2.295
200, heat, S, 256, 90, 2000000, 0.6, 2.893
800, heat, S, 256, 90, 8000000, 0.6, 4.930
1, heat, S, 256, 95, 10000, 0.6, 2.208
5, heat, S, 256, 95, 50000, 0.6, 2.224
10, heat, S, 256, 95, 100000, 0.6, 2.093
200, heat, S, 256, 95, 2000000, 0.6, 2.749
800, heat, S, 256, 95, 8000000, 0.6, 5.023
1, heat, S, 256, 100, 10000, 0.6, 2.100
5, heat, S, 256, 100, 50000, 0.6, 2.210
10, heat, S, 256, 100, 100000, 0.6, 2.061
200, heat, S, 256, 100, 2000000, 0.6, 2.711
800, heat, S, 256, 100, 8000000, 0.6, 4.757
1, heat, S, 384, 0, 10000, 0.6, 1.929
5, heat, S, 384, 0, 50000, 0.6, 1.985
10, heat, S, 384, 0, 100000, 0.6, 2.000
200, heat, S, 384, 0, 2000000, 0.6, 2.566
800, heat, S, 384, 0, 8000000, 0.6, 4.619
1, heat, S, 384, 5, 10000, 0.6, 2.184
5, heat, S, 384, 5, 50000, 0.6, 2.326
10, heat, S, 384, 5, 100000, 0.6, 2.119
200, heat, S, 384, 5, 2000000, 0.6, 2.643
800, heat, S, 384, 5, 8000000, 0.6, 4.885
1, heat, S, 384, 10, 10000, 0.6, 2.080
5, heat, S, 384, 10, 50000, 0.6, 2.158
10, heat, S, 384, 10, 100000, 0.6, 2.129
200, heat, S, 384, 10, 2000000, 0.6, 2.712
800, heat, S, 384, 10, 8000000, 0.6, 4.839
1, heat, S, 384, 15, 10000, 0.6, 1.993
5, heat, S, 384, 15, 50000, 0.6, 1.985
10, heat, S, 384, 15, 100000, 0.6, 2.024
200, heat, S, 384, 15, 2000000, 0.6, 2.874
800, heat, S, 384, 15, 8000000, 0.6, 4.771
1, heat, S, 384, 20, 10000, 0.6, 2.127
5, heat, S, 384, 20, 50000, 0.6, 2.070
10, heat, S, 384, 20, 100000, 0.6, 2.175
200, heat, S, 384, 20, 2000000, 0.6, 2.738
800, heat, S, 384, 20, 8000000, 0.6, 4.892
1, heat, S, 384, 25, 10000, 0.6, 2.109
5, heat, S, 384, 25, 50000, 0.6, 2.296
10, heat, S, 384, 25, 100000, 0.6, 2.251
200, heat, S, 384, 25, 2000000, 0.6, 2.836
800, heat, S, 384, 25, 8000000, 0.6, 4.827
1, heat, S, 384, 30, 10000, 0.6, 2.071
5, heat, S, 384, 30, 50000, 0.6, 2.004
10, heat, S, 384, 30, 100000, 0.6, 2.080
200, heat, S, 384, 30, 2000000, 0.6, 2.631
800, heat, S, 384, 30, 8000000, 0.6, 4.855
1, heat, S, 384, 35, 10000, 0.6, 2.280
5, heat, S, 384, 35, 50000, 0.6, 2.141
10, heat, S, 384, 35, 100000, 0.6, 2.108
200, heat, S, 384, 35, 2000000, 0.6, 2.794
800, heat, S, 384, 35, 8000000, 0.6, 4.641
1, heat, S, 384, 40, 10000, 0.6, 2.060
5, heat, S, 384, 40, 50000, 0.6, 1.996
10, heat, S, 384, 40, 100000, 0.6, 2.064
200, heat, S, 384, 40, 2000000, 0.6, 2.694
800, heat, S, 384, 40, 8000000, 0.6, 4.716
1, heat, S, 384, 45, 10000, 0.6, 2.076
5, heat, S, 384, 45, 50000, 0.6, 1.998
10, heat, S, 384, 45, 100000, 0.6, 2.099
200, heat, S, 384, 45, 2000000, 0.6, 2.668
800, heat, S, 384, 45, 8000000, 0.6, 4.732
1, heat, S, 384, 50, 10000, 0.6, 2.087
5, heat, S, 384, 50, 50000, 0.6, 2.135
10, heat, S, 384, 50, 100000, 0.6, 2.259
200, heat, S, 384, 50, 2000000, 0.6, 2.672
800, heat, S, 384, 50, 8000000, 0.6, 4.898
1, heat, S, 384, 55, 10000, 0.6, 2.006
5, heat, S, 384, 55, 50000, 0.6, 2.150
10, heat, S, 384, 55, 100000, 0.6, 1.990
200, heat, S, 384, 55, 2000000, 0.6, 2.785
800, heat, S, 384, 55, 8000000, 0.6, 4.688
1, heat, S, 384, 60, 10000, 0.6, 2.034
5, heat, S, 384, 60, 50000, 0.6, 2.039
10, heat, S, 384, 60, 100000, 0.6, 2.111
200, heat, S, 384, 60, 2000000, 0.6, 2.638
800, heat, S, 384, 60, 8000000, 0.6, 4.841
1, heat, S, 384, 65, 10000, 0.6, 2.017
5, heat, S, 384, 65, 50000, 0.6, 2.087
10, heat, S, 384, 65, 100000, 0.6, 1.943
200, heat, S, 384, 65, 2000000, 0.6, 2.762
800, heat, S, 384, 65, 8000000, 0.6, 4.842
1, heat, S, 384, 70, 10000, 0.6, 2.171
5, heat, S, 384, 70, 50000, 0.6, 1.999
10, heat, S, 384, 70, 100000, 0.6, 2.004
200, heat, S, 384, 70, 2000000, 0.6, 2.713
800, heat, S, 384, 70, 8000000, 0.6, 4.788
1, heat, S, 384, 75, 10000, 0.6, 2.070
5, heat, S, 384, 75, 50000, 0.6, 2.172
10, heat, S, 384, 75, 100000, 0.6, 1.989
200, heat, S, 384, 75, 2000000, 0.6, 2.716
800, heat, S, 384, 75, 8000000, 0.6, 4.729
1, heat, S, 384, 80, 10000, 0.6, 2.048
5, heat, S, 384, 80, 50000, 0.6, 2.112
10, heat, S, 384, 80, 100000, 0.6, 2.156
200, heat, S, 384, 80, 2000000, 0.6, 2.848
800, heat, S, 384, 80, 8000000, 0.6, 4.691
1, heat, S, 384, 85, 10000, 0.6, 2.025
5, heat, S, 384, 85, 50000, 0.6, 2.018
10, heat, S, 384, 85, 100000, 0.6, 2.183
200, heat, S, 384, 85, 2000000, 0.6, 2.784
800, heat, S, 384, 85, 8000000, 0.6, 4.775
1, heat, S, 384, 90, 10000, 0.6, 1.976
5, heat, S, 384, 90, 50000, 0.6, 1.991
10, heat, S, 384, 90, 100000, 0.6, 2.216
200, heat, S, 384, 90, 2000000, 0.6, 2.697
800, heat, S, 384, 90, 8000000, 0.6, 4.841
1, heat, S, 384, 95, 10000, 0.6, 2.110
5, heat, S, 384, 95, 50000, 0.6, 2.146
10, heat, S, 384, 95, 100000, 0.6, 2.104
200, heat, S, 384, 95, 2000000, 0.6, 2.726
800, heat, S, 384, 95, 8000000, 0.6, 4.832
1, heat, S, 384, 100, 10000, 0.6, 2.057
5, heat, S, 384, 100, 50000, 0.6, 2.069
10, heat, S, 384, 100, 100000, 0.6, 2.151
200, heat, S, 384, 100, 2000000, 0.6, 2.659
800, heat, S, 384, 100, 8000000, 0.6, 4.676
1, heat, S, 512, 0, 10000, 0.6, 1.811
5, heat, S, 512, 0, 50000, 0.6, 2.097
10, heat, S, 512, 0, 100000, 0.6, 1.882
200, heat, S, 512, 0, 2000000, 0.6, 2.511
800, heat, S, 512, 0, 8000000, 0.6, 4.515
1, heat, S, 512, 5, 10000, 0.6, 2.123
5, heat, S, 512, 5, 50000, 0.6, 1.970
10, heat, S, 512, 5, 100000, 0.6, 2.083
200, heat, S, 512, 5, 2000000, 0.6, 2.639
800, heat, S, 512, 5, 8000000, 0.6, 4.811
1, heat, S, 512, 10, 10000, 0.6, 2.048
5, heat, S, 512, 10, 50000, 0.6, 2.012
10, heat, S, 512, 10, 100000, 0.6, 2.136
200, heat, S, 512, 10, 2000000, 0.6, 2.726
800, heat, S, 512, 10, 8000000, 0.6, 4.704
1, heat, S, 512, 15, 10000, 0.6, 2.042
5, heat, S, 512, 15, 50000, 0.6, 2.169
10, heat, S, 512, 15, 100000, 0.6, 2.051
200, heat, S, 512, 15, 2000000, 0.6, 2.717
800, heat, S, 512, 15, 8000000, 0.6, 4.749
1, heat, S, 512, 20, 10000, 0.6, 2.071
5, heat, S, 512, 20, 50000, 0.6, 1.953
10, heat, S, 512, 20, 100000, 0.6, 2.071
200, heat, S, 512, 20, 2000000, 0.6, 2.861
800, heat, S, 512, 20, 8000000, 0.6, 4.594
1, heat, S, 512, 25, 10000, 0.6, 2.019
5, heat, S, 512, 25, 50000, 0.6, 2.069
10, heat, S, 512, 25, 100000, 0.6, 2.067
200, heat, S, 512, 25, 2000000, 0.6, 2.652
800, heat, S, 512, 25, 8000000, 0.6, 4.748
1, heat, S, 512, 30, 10000, 0.6, 1.967
5, heat, S, 512, 30, 50000, 0.6, 2.020
10, heat, S, 512, 30, 100000, 0.6, 2.072
200, heat, S, 512, 30, 2000000, 0.6, 2.679
800, heat, S, 512, 30, 8000000, 0.6, 4.620
1, heat, S, 512, 35, 10000, 0.6, 2.580
5, heat, S, 512, 35, 50000, 0.6, 3.692
10, heat, S, 512, 35, 100000, 0.6, 2.170
200, heat, S, 512, 35, 2000000, 0.6, 2.586
800, heat, S, 512, 35, 8000000, 0.6, 4.612
1, heat, S, 512, 40, 10000, 0.6, 2.068
5, heat, S, 512, 40, 50000, 0.6, 1.991
10, heat, S, 512, 40, 100000, 0.6, 2.006
200, heat, S, 512, 40, 2000000, 0.6, 2.566
800, heat, S, 512, 40, 8000000, 0.6, 4.770
1, heat, S, 512, 45, 10000, 0.6, 1.980
5, heat, S, 512, 45, 50000, 0.6, 2.034
10, heat, S, 512, 45, 100000, 0.6, 2.036
200, heat, S, 512, 45, 2000000, 0.6, 2.691
800, heat, S, 512, 45, 8000000, 0.6, 4.730
1, heat, S, 512, 50, 10000, 0.6, 2.024
5, heat, S, 512, 50, 50000, 0.6, 1.967
10, heat, S, 512, 50, 100000, 0.6, 2.084
200, heat, S, 512, 50, 2000000, 0.6, 2.711
800, heat, S, 512, 50, 8000000, 0.6, 4.776
1, heat, S, 512, 55, 10000, 0.6, 1.970
5, heat, S, 512, 55, 50000, 0.6, 1.966
10, heat, S, 512, 55, 100000, 0.6, 2.224
200, heat, S, 512, 55, 2000000, 0.6, 2.656
800, heat, S, 512, 55, 8000000, 0.6, 4.689
1, heat, S, 512, 60, 10000, 0.6, 2.040
5, heat, S, 512, 60, 50000, 0.6, 2.040
10, heat, S, 512, 60, 100000, 0.6, 2.033
200, heat, S, 512, 60, 2000000, 0.6, 2.736
800, heat, S, 512, 60, 8000000, 0.6, 4.583
1, heat, S, 512, 65, 10000, 0.6, 2.031
5, heat, S, 512, 65, 50000, 0.6, 2.046
10, heat, S, 512, 65, 100000, 0.6, 2.204
200, heat, S, 512, 65, 2000000, 0.6, 2.667
800, heat, S, 512, 65, 8000000, 0.6, 4.576
1, heat, S, 512, 70, 10000, 0.6, 1.980
5, heat, S, 512, 70, 50000, 0.6, 1.969
10, heat, S, 512, 70, 100000, 0.6, 2.094
200, heat, S, 512, 70, 2000000, 0.6, 2.634
800, heat, S, 512, 70, 8000000, 0.6, 4.651
1, heat, S, 512, 75, 10000, 0.6, 2.131
5, heat, S, 512, 75, 50000, 0.6, 2.247
10, heat, S, 512, 75, 100000, 0.6, 1.917
200, heat, S, 512, 75, 2000000, 0.6, 2.681
800, heat, S, 512, 75, 8000000, 0.6, 4.937
1, heat, S, 512, 80, 10000, 0.6, 2.163
5, heat, S, 512, 80, 50000, 0.6, 2.202
10, heat, S, 512, 80, 100000, 0.6, 2.051
200, heat, S, 512, 80, 2000000, 0.6, 2.627
800, heat, S, 512, 80, 8000000, 0.6, 4.619
1, heat, S, 512, 85, 10000, 0.6, 1.966
5, heat, S, 512, 85, 50000, 0.6, 2.163
10, heat, S, 512, 85, 100000, 0.6, 2.002
200, heat, S, 512, 85, 2000000, 0.6, 2.783
800, heat, S, 512, 85, 8000000, 0.6, 4.536
1, heat, S, 512, 90, 10000, 0.6, 2.167
5, heat, S, 512, 90, 50000, 0.6, 2.056
10, heat, S, 512, 90, 100000, 0.6, 2.149
200, heat, S, 512, 90, 2000000, 0.6, 2.823
800, heat, S, 512, 90, 8000000, 0.6, 4.929
1, heat, S, 512, 95, 10000, 0.6, 2.136
5, heat, S, 512, 95, 50000, 0.6, 2.163
10, heat, S, 512, 95, 100000, 0.6, 2.307
200, heat, S, 512, 95, 2000000, 0.6, 2.827
800, heat, S, 512, 95, 8000000, 0.6, 4.844
1, heat, S, 512, 100, 10000, 0.6, 1.939
5, heat, S, 512, 100, 50000, 0.6, 2.013
10, heat, S, 512, 100, 100000, 0.6, 2.212
200, heat, S, 512, 100, 2000000, 0.6, 2.719
800, heat, S, 512, 100, 8000000, 0.6, 4.798
1, heat, S, 768, 0, 10000, 0.6, 2.048
5, heat, S, 768, 0, 50000, 0.6, 1.796
10, heat, S, 768, 0, 100000, 0.6, 1.909
200, heat, S, 768, 0, 2000000, 0.6, 2.556
800, heat, S, 768, 0, 8000000, 0.6, 4.592
1, heat, S, 768, 5, 10000, 0.6, 2.054
5, heat, S, 768, 5, 50000, 0.6, 2.645
10, heat, S, 768, 5, 100000, 0.6, 2.311
200, heat, S, 768, 5, 2000000, 0.6, 3.478
800, heat, S, 768, 5, 8000000, 0.6, 5.994
1, heat, S, 768, 10, 10000, 0.6, 2.193
5, heat, S, 768, 10, 50000, 0.6, 2.170
10, heat, S, 768, 10, 100000, 0.6, 2.128
200, heat, S, 768, 10, 2000000, 0.6, 2.802
800, heat, S, 768, 10, 8000000, 0.6, 5.071
1, heat, S, 768, 15, 10000, 0.6, 2.158
5, heat, S, 768, 15, 50000, 0.6, 2.168
10, heat, S, 768, 15, 100000, 0.6, 2.101
200, heat, S, 768, 15, 2000000, 0.6, 2.734
800, heat, S, 768, 15, 8000000, 0.6, 5.119
1, heat, S, 768, 20, 10000, 0.6, 2.263
5, heat, S, 768, 20, 50000, 0.6, 2.187
10, heat, S, 768, 20, 100000, 0.6, 2.158
200, heat, S, 768, 20, 2000000, 0.6, 2.897
800, heat, S, 768, 20, 8000000, 0.6, 5.054
1, heat, S, 768, 25, 10000, 0.6, 2.207
5, heat, S, 768, 25, 50000, 0.6, 2.159
10, heat, S, 768, 25, 100000, 0.6, 2.107
200, heat, S, 768, 25, 2000000, 0.6, 2.688
800, heat, S, 768, 25, 8000000, 0.6, 4.794
1, heat, S, 768, 30, 10000, 0.6, 2.001
5, heat, S, 768, 30, 50000, 0.6, 1.987
10, heat, S, 768, 30, 100000, 0.6, 2.149
200, heat, S, 768, 30, 2000000, 0.6, 2.784
800, heat, S, 768, 30, 8000000, 0.6, 4.838
1, heat, S, 768, 35, 10000, 0.6, 2.177
5, heat, S, 768, 35, 50000, 0.6, 2.147
10, heat, S, 768, 35, 100000, 0.6, 2.028
200, heat, S, 768, 35, 2000000, 0.6, 2.847
800, heat, S, 768, 35, 8000000, 0.6, 4.745
1, heat, S, 768, 40, 10000, 0.6, 2.003
5, heat, S, 768, 40, 50000, 0.6, 2.102
10, heat, S, 768, 40, 100000, 0.6, 2.134
200, heat, S, 768, 40, 2000000, 0.6, 2.795
800, heat, S, 768, 40, 8000000, 0.6, 4.853
1, heat, S, 768, 45, 10000, 0.6, 2.009
5, heat, S, 768, 45, 50000, 0.6, 2.002
10, heat, S, 768, 45, 100000, 0.6, 2.017
200, heat, S, 768, 45, 2000000, 0.6, 2.724
800, heat, S, 768, 45, 8000000, 0.6, 4.776
1, heat, S, 768, 50, 10000, 0.6, 2.068
5, heat, S, 768, 50, 50000, 0.6, 2.056
10, heat, S, 768, 50, 100000, 0.6, 2.073
200, heat, S, 768, 50, 2000000, 0.6, 2.571
800, heat, S, 768, 50, 8000000, 0.6, 4.760
1, heat, S, 768, 55, 10000, 0.6, 2.014
5, heat, S, 768, 55, 50000, 0.6, 2.223
10, heat, S, 768, 55, 100000, 0.6, 2.109
200, heat, S, 768, 55, 2000000, 0.6, 2.767
800, heat, S, 768, 55, 8000000, 0.6, 4.697
1, heat, S, 768, 60, 10000, 0.6, 2.013
5, heat, S, 768, 60, 50000, 0.6, 2.119
10, heat, S, 768, 60, 100000, 0.6, 1.978
200, heat, S, 768, 60, 2000000, 0.6, 2.687
800, heat, S, 768, 60, 8000000, 0.6, 4.793
1, heat, S, 768, 65, 10000, 0.6, 2.235
5, heat, S, 768, 65, 50000, 0.6, 3.958
10, heat, S, 768, 65, 100000, 0.6, 2.007
200, heat, S, 768, 65, 2000000, 0.6, 2.782
800, heat, S, 768, 65, 8000000, 0.6, 4.768
1, heat, S, 768, 70, 10000, 0.6, 1.966
5, heat, S, 768, 70, 50000, 0.6, 2.212
10, heat, S, 768, 70, 100000, 0.6, 2.040
200, heat, S, 768, 70, 2000000, 0.6, 2.672
800, heat, S, 768, 70, 8000000, 0.6, 4.830
1, heat, S, 768, 75, 10000, 0.6, 2.042
5, heat, S, 768, 75, 50000, 0.6, 1.953
10, heat, S, 768, 75, 100000, 0.6, 2.096
200, heat, S, 768, 75, 2000000, 0.6, 2.609
800, heat, S, 768, 75, 8000000, 0.6, 4.878
1, heat, S, 768, 80, 10000, 0.6, 2.038
5, heat, S, 768, 80, 50000, 0.6, 2.059
10, heat, S, 768, 80, 100000, 0.6, 1.989
200, heat, S, 768, 80, 2000000, 0.6, 2.548
800, heat, S, 768, 80, 8000000, 0.6, 4.866
1, heat, S, 768, 85, 10000, 0.6, 2.088
5, heat, S, 768, 85, 50000, 0.6, 2.026
10, heat, S, 768, 85, 100000, 0.6, 2.144
200, heat, S, 768, 85, 2000000, 0.6, 2.757
800, heat, S, 768, 85, 8000000, 0.6, 4.686
1, heat, S, 768, 90, 10000, 0.6, 1.999
5, heat, S, 768, 90, 50000, 0.6, 1.888
10, heat, S, 768, 90, 100000, 0.6, 2.128
200, heat, S, 768, 90, 2000000, 0.6, 2.736
800, heat, S, 768, 90, 8000000, 0.6, 4.831
1, heat, S, 768, 95, 10000, 0.6, 2.123
5, heat, S, 768, 95, 50000, 0.6, 2.043
10, heat, S, 768, 95, 100000, 0.6, 2.035
200, heat, S, 768, 95, 2000000, 0.6, 2.957
800, heat, S, 768, 95, 8000000, 0.6, 4.850
1, heat, S, 768, 100, 10000, 0.6, 1.964
5, heat, S, 768, 100, 50000, 0.6, 2.151
10, heat, S, 768, 100, 100000, 0.6, 2.032
200, heat, S, 768, 100, 2000000, 0.6, 2.616
800, heat, S, 768, 100, 8000000, 0.6, 4.757
1, heat, S, 1024, 0, 10000, 0.6, 1.791
5, heat, S, 1024, 0, 50000, 0.6, 2.024
10, heat, S, 1024, 0, 100000, 0.6, 1.961
200, heat, S, 1024, 0, 2000000, 0.6, 2.650
800, heat, S, 1024, 0, 8000000, 0.6, 4.582
1, heat, S, 1024, 5, 10000, 0.6, 8.931
5, heat, S, 1024, 5, 50000, 0.6, 2.190
10, heat, S, 1024, 5, 100000, 0.6, 2.046
200, heat, S, 1024, 5, 2000000, 0.6, 3.132
800, heat, S, 1024, 5, 8000000, 0.6, 4.811
1, heat, S, 1024, 10, 10000, 0.6, 2.012
5, heat, S, 1024, 10, 50000, 0.6, 2.111
10, heat, S, 1024, 10, 100000, 0.6, 2.160
200, heat, S, 1024, 10, 2000000, 0.6, 2.930
800, heat, S, 1024, 10, 8000000, 0.6, 4.911
1, heat, S, 1024, 15, 10000, 0.6, 2.129
5, heat, S, 1024, 15, 50000, 0.6, 2.060
10, heat, S, 1024, 15, 100000, 0.6, 2.161
200, heat, S, 1024, 15, 2000000, 0.6, 2.754
800, heat, S, 1024, 15, 8000000, 0.6, 4.808
1, heat, S, 1024, 20, 10000, 0.6, 2.038
5, heat, S, 1024, 20, 50000, 0.6, 2.014
10, heat, S, 1024, 20, 100000, 0.6, 2.224
200, heat, S, 1024, 20, 2000000, 0.6, 2.801
800, heat, S, 1024, 20, 8000000, 0.6, 4.840
1, heat, S, 1024, 25, 10000, 0.6, 2.067
5, heat, S, 1024, 25, 50000, 0.6, 2.012
10, heat, S, 1024, 25, 100000, 0.6, 2.158
200, heat, S, 1024, 25, 2000000, 0.6, 2.744
800, heat, S, 1024, 25, 8000000, 0.6, 4.777
1, heat, S, 1024, 30, 10000, 0.6, 2.162
5, heat, S, 1024, 30, 50000, 0.6, 2.029
10, heat, S, 1024, 30, 100000, 0.6, 2.041
200, heat, S, 1024, 30, 2000000, 0.6, 2.698
800, heat, S, 1024, 30, 8000000, 0.6, 4.947
1, heat, S, 1024, 35, 10000, 0.6, 2.090
5, heat, S, 1024, 35, 50000, 0.6, 2.159
10, heat, S, 1024, 35, 100000, 0.6, 2.047
200, heat, S, 1024, 35, 2000000, 0.6, 2.822
800, heat, S, 1024, 35, 8000000, 0.6, 4.777
1, heat, S, 1024, 40, 10000, 0.6, 2.049
5, heat, S, 1024, 40, 50000, 0.6, 2.008
10, heat, S, 1024, 40, 100000, 0.6, 2.072
200, heat, S, 1024, 40, 2000000, 0.6, 2.904
800, heat, S, 1024, 40, 8000000, 0.6, 4.920
1, heat, S, 1024, 45, 10000, 0.6, 2.041
5, heat, S, 1024, 45, 50000, 0.6, 1.960
10, heat, S, 1024, 45, 100000, 0.6, 2.011
200, heat, S, 1024, 45, 2000000, 0.6, 2.727
800, heat, S, 1024, 45, 8000000, 0.6, 4.828
1, heat, S, 1024, 50, 10000, 0.6, 1.975
5, heat, S, 1024, 50, 50000, 0.6, 2.022
10, heat, S, 1024, 50, 100000, 0.6, 2.031
200, heat, S, 1024, 50, 2000000, 0.6, 3.032
800, heat, S, 1024, 50, 8000000, 0.6, 4.872
1, heat, S, 1024, 55, 10000, 0.6, 1.950
5, heat, S, 1024, 55, 50000, 0.6, 2.113
10, heat, S, 1024, 55, 100000, 0.6, 2.160
200, heat, S, 1024, 55, 2000000, 0.6, 2.706
800, heat, S, 1024, 55, 8000000, 0.6, 5.004
1, heat, S, 1024, 60, 10000, 0.6, 2.146
5, heat, S, 1024, 60, 50000, 0.6, 2.124
10, heat, S, 1024, 60, 100000, 0.6, 2.129
200, heat, S, 1024, 60, 2000000, 0.6, 2.764
800, heat, S, 1024, 60, 8000000, 0.6, 4.760
1, heat, S, 1024, 65, 10000, 0.6, 2.138
5, heat, S, 1024, 65, 50000, 0.6, 2.153
10, heat, S, 1024, 65, 100000, 0.6, 3.331
200, heat, S, 1024, 65, 2000000, 0.6, 3.157
800, heat, S, 1024, 65, 8000000, 0.6, 4.941
1, heat, S, 1024, 70, 10000, 0.6, 2.408
5, heat, S, 1024, 70, 50000, 0.6, 3.129
10, heat, S, 1024, 70, 100000, 0.6, 2.280
200, heat, S, 1024, 70, 2000000, 0.6, 2.687
800, heat, S, 1024, 70, 8000000, 0.6, 4.756
1, heat, S, 1024, 75, 10000, 0.6, 2.222
5, heat, S, 1024, 75, 50000, 0.6, 2.093
10, heat, S, 1024, 75, 100000, 0.6, 2.242
200, heat, S, 1024, 75, 2000000, 0.6, 2.941
800, heat, S, 1024, 75, 8000000, 0.6, 4.909
1, heat, S, 1024, 80, 10000, 0.6, 2.095
5, heat, S, 1024, 80, 50000, 0.6, 8.667
10, heat, S, 1024, 80, 100000, 0.6, 2.017
200, heat, S, 1024, 80, 2000000, 0.6, 2.924
800, heat, S, 1024, 80, 8000000, 0.6, 4.738
1, heat, S, 1024, 85, 10000, 0.6, 2.119
5, heat, S, 1024, 85, 50000, 0.6, 2.012
10, heat, S, 1024, 85, 100000, 0.6, 2.053
200, heat, S, 1024, 85, 2000000, 0.6, 2.707
800, heat, S, 1024, 85, 8000000, 0.6, 5.015
1, heat, S, 1024, 90, 10000, 0.6, 1.943
5, heat, S, 1024, 90, 50000, 0.6, 2.105
10, heat, S, 1024, 90, 100000, 0.6, 2.038
200, heat, S, 1024, 90, 2000000, 0.6, 2.738
800, heat, S, 1024, 90, 8000000, 0.6, 4.764
1, heat, S, 1024, 95, 10000, 0.6, 2.049
5, heat, S, 1024, 95, 50000, 0.6, 2.126
10, heat, S, 1024, 95, 100000, 0.6, 1.998
200, heat, S, 1024, 95, 2000000, 0.6, 2.862
800, heat, S, 1024, 95, 8000000, 0.6, 4.901
1, heat, S, 1024, 100, 10000, 0.6, 2.131
5, heat, S, 1024, 100, 50000, 0.6, 2.132
10, heat, S, 1024, 100, 100000, 0.6, 2.630
200, heat, S, 1024, 100, 2000000, 0.6, 2.800
800, heat, S, 1024, 100, 8000000, 0.6, 4.723
