len, eq, sch, tpb, gpuA, nX, tf, tcost
1, heat, C, 64, 0, 10000, 0.6, 2.705
5, heat, C, 64, 0, 50000, 0.6, 2.762
10, heat, C, 64, 0, 100000, 0.6, 2.945
200, heat, C, 64, 0, 2000000, 0.6, 3.861
800, heat, C, 64, 0, 8000000, 0.6, 32.770
1, heat, C, 64, 5, 10000, 0.6, 2.787
5, heat, C, 64, 5, 50000, 0.6, 3.143
10, heat, C, 64, 5, 100000, 0.6, 2.957
200, heat, C, 64, 5, 2000000, 0.6, 3.890
800, heat, C, 64, 5, 8000000, 0.6, 36.539
1, heat, C, 64, 10, 10000, 0.6, 2.856
5, heat, C, 64, 10, 50000, 0.6, 2.864
10, heat, C, 64, 10, 100000, 0.6, 2.899
200, heat, C, 64, 10, 2000000, 0.6, 4.085
800, heat, C, 64, 10, 8000000, 0.6, 35.965
1, heat, C, 64, 15, 10000, 0.6, 2.933
5, heat, C, 64, 15, 50000, 0.6, 3.021
10, heat, C, 64, 15, 100000, 0.6, 2.961
200, heat, C, 64, 15, 2000000, 0.6, 3.815
800, heat, C, 64, 15, 8000000, 0.6, 34.394
1, heat, C, 64, 20, 10000, 0.6, 2.986
5, heat, C, 64, 20, 50000, 0.6, 2.822
10, heat, C, 64, 20, 100000, 0.6, 2.873
200, heat, C, 64, 20, 2000000, 0.6, 4.042
800, heat, C, 64, 20, 8000000, 0.6, 32.781
1, heat, C, 64, 25, 10000, 0.6, 3.109
5, heat, C, 64, 25, 50000, 0.6, 2.874
10, heat, C, 64, 25, 100000, 0.6, 3.077
200, heat, C, 64, 25, 2000000, 0.6, 3.922
800, heat, C, 64, 25, 8000000, 0.6, 36.989
1, heat, C, 64, 30, 10000, 0.6, 3.144
5, heat, C, 64, 30, 50000, 0.6, 2.935
10, heat, C, 64, 30, 100000, 0.6, 2.697
200, heat, C, 64, 30, 2000000, 0.6, 4.000
800, heat, C, 64, 30, 8000000, 0.6, 34.883
1, heat, C, 64, 35, 10000, 0.6, 2.799
5, heat, C, 64, 35, 50000, 0.6, 2.932
10, heat, C, 64, 35, 100000, 0.6, 2.993
200, heat, C, 64, 35, 2000000, 0.6, 3.919
800, heat, C, 64, 35, 8000000, 0.6, 37.947
1, heat, C, 64, 40, 10000, 0.6, 26.814
5, heat, C, 64, 40, 50000, 0.6, 3.310
10, heat, C, 64, 40, 100000, 0.6, 6.308
200, heat, C, 64, 40, 2000000, 0.6, 14.556
800, heat, C, 64, 40, 8000000, 0.6, 48.495
1, heat, C, 64, 45, 10000, 0.6, 9.383
5, heat, C, 64, 45, 50000, 0.6, 4.856
10, heat, C, 64, 45, 100000, 0.6, 5.217
200, heat, C, 64, 45, 2000000, 0.6, 7.260
800, heat, C, 64, 45, 8000000, 0.6, 35.001
1, heat, C, 64, 50, 10000, 0.6, 4.590
5, heat, C, 64, 50, 50000, 0.6, 11.915
10, heat, C, 64, 50, 100000, 0.6, 4.721
200, heat, C, 64, 50, 2000000, 0.6, 4.975
800, heat, C, 64, 50, 8000000, 0.6, 36.585
1, heat, C, 64, 55, 10000, 0.6, 5.861
5, heat, C, 64, 55, 50000, 0.6, 6.223
10, heat, C, 64, 55, 100000, 0.6, 4.894
200, heat, C, 64, 55, 2000000, 0.6, 11.167
800, heat, C, 64, 55, 8000000, 0.6, 35.481
1, heat, C, 64, 60, 10000, 0.6, 6.036
5, heat, C, 64, 60, 50000, 0.6, 22.242
10, heat, C, 64, 60, 100000, 0.6, 6.120
200, heat, C, 64, 60, 2000000, 0.6, 6.442
800, heat, C, 64, 60, 8000000, 0.6, 39.412
1, heat, C, 64, 65, 10000, 0.6, 15.576
5, heat, C, 64, 65, 50000, 0.6, 8.004
10, heat, C, 64, 65, 100000, 0.6, 5.726
200, heat, C, 64, 65, 2000000, 0.6, 4.615
800, heat, C, 64, 65, 8000000, 0.6, 36.679
1, heat, C, 64, 70, 10000, 0.6, 9.695
5, heat, C, 64, 70, 50000, 0.6, 11.279
10, heat, C, 64, 70, 100000, 0.6, 7.427
200, heat, C, 64, 70, 2000000, 0.6, 6.771
800, heat, C, 64, 70, 8000000, 0.6, 38.903
1, heat, C, 64, 75, 10000, 0.6, 7.666
5, heat, C, 64, 75, 50000, 0.6, 4.007
10, heat, C, 64, 75, 100000, 0.6, 4.933
200, heat, C, 64, 75, 2000000, 0.6, 4.213
800, heat, C, 64, 75, 8000000, 0.6, 41.746
1, heat, C, 64, 80, 10000, 0.6, 9.495
5, heat, C, 64, 80, 50000, 0.6, 11.685
10, heat, C, 64, 80, 100000, 0.6, 9.189
200, heat, C, 64, 80, 2000000, 0.6, 9.939
800, heat, C, 64, 80, 8000000, 0.6, 46.026
1, heat, C, 64, 85, 10000, 0.6, 11.327
5, heat, C, 64, 85, 50000, 0.6, 13.010
10, heat, C, 64, 85, 100000, 0.6, 18.324
200, heat, C, 64, 85, 2000000, 0.6, 13.064
800, heat, C, 64, 85, 8000000, 0.6, 42.871
1, heat, C, 64, 90, 10000, 0.6, 22.159
5, heat, C, 64, 90, 50000, 0.6, 25.190
10, heat, C, 64, 90, 100000, 0.6, 18.801
200, heat, C, 64, 90, 2000000, 0.6, 21.540
800, heat, C, 64, 90, 8000000, 0.6, 51.718
1, heat, C, 64, 95, 10000, 0.6, 23.984
5, heat, C, 64, 95, 50000, 0.6, 20.221
10, heat, C, 64, 95, 100000, 0.6, 25.467
200, heat, C, 64, 95, 2000000, 0.6, 27.825
800, heat, C, 64, 95, 8000000, 0.6, 61.613
1, heat, C, 64, 100, 10000, 0.6, 28.263
5, heat, C, 64, 100, 50000, 0.6, 31.996
10, heat, C, 64, 100, 100000, 0.6, 39.472
200, heat, C, 64, 100, 2000000, 0.6, 40.355
800, heat, C, 64, 100, 8000000, 0.6, 67.435
1, heat, C, 96, 0, 10000, 0.6, 34.345
5, heat, C, 96, 0, 50000, 0.6, 45.160
10, heat, C, 96, 0, 100000, 0.6, 35.855
200, heat, C, 96, 0, 2000000, 0.6, 46.851
800, heat, C, 96, 0, 8000000, 0.6, 74.616
1, heat, C, 96, 5, 10000, 0.6, 40.425
5, heat, C, 96, 5, 50000, 0.6, 44.556
10, heat, C, 96, 5, 100000, 0.6, 40.689
200, heat, C, 96, 5, 2000000, 0.6, 50.124
800, heat, C, 96, 5, 8000000, 0.6, 81.554
1, heat, C, 96, 10, 10000, 0.6, 49.741
5, heat, C, 96, 10, 50000, 0.6, 48.846
10, heat, C, 96, 10, 100000, 0.6, 42.317
200, heat, C, 96, 10, 2000000, 0.6, 44.583
800, heat, C, 96, 10, 8000000, 0.6, 64.511
1, heat, C, 96, 15, 10000, 0.6, 40.985
5, heat, C, 96, 15, 50000, 0.6, 47.366
10, heat, C, 96, 15, 100000, 0.6, 45.061
200, heat, C, 96, 15, 2000000, 0.6, 45.733
800, heat, C, 96, 15, 8000000, 0.6, 78.130
1, heat, C, 96, 20, 10000, 0.6, 50.133
5, heat, C, 96, 20, 50000, 0.6, 47.029
10, heat, C, 96, 20, 100000, 0.6, 44.055
200, heat, C, 96, 20, 2000000, 0.6, 40.604
800, heat, C, 96, 20, 8000000, 0.6, 64.379
1, heat, C, 96, 25, 10000, 0.6, 37.493
5, heat, C, 96, 25, 50000, 0.6, 32.035
10, heat, C, 96, 25, 100000, 0.6, 36.820
200, heat, C, 96, 25, 2000000, 0.6, 39.079
800, heat, C, 96, 25, 8000000, 0.6, 73.531
1, heat, C, 96, 30, 10000, 0.6, 37.861
5, heat, C, 96, 30, 50000, 0.6, 31.231
10, heat, C, 96, 30, 100000, 0.6, 32.877
200, heat, C, 96, 30, 2000000, 0.6, 11.229
800, heat, C, 96, 30, 8000000, 0.6, 43.058
1, heat, C, 96, 35, 10000, 0.6, 3.249
5, heat, C, 96, 35, 50000, 0.6, 4.090
10, heat, C, 96, 35, 100000, 0.6, 4.669
200, heat, C, 96, 35, 2000000, 0.6, 6.487
800, heat, C, 96, 35, 8000000, 0.6, 32.079
1, heat, C, 96, 40, 10000, 0.6, 2.902
5, heat, C, 96, 40, 50000, 0.6, 2.860
10, heat, C, 96, 40, 100000, 0.6, 3.156
200, heat, C, 96, 40, 2000000, 0.6, 3.865
800, heat, C, 96, 40, 8000000, 0.6, 34.930
1, heat, C, 96, 45, 10000, 0.6, 2.733
5, heat, C, 96, 45, 50000, 0.6, 2.981
10, heat, C, 96, 45, 100000, 0.6, 2.845
200, heat, C, 96, 45, 2000000, 0.6, 3.812
800, heat, C, 96, 45, 8000000, 0.6, 35.235
1, heat, C, 96, 50, 10000, 0.6, 10.222
5, heat, C, 96, 50, 50000, 0.6, 4.579
10, heat, C, 96, 50, 100000, 0.6, 10.142
200, heat, C, 96, 50, 2000000, 0.6, 4.181
800, heat, C, 96, 50, 8000000, 0.6, 48.864
1, heat, C, 96, 55, 10000, 0.6, 20.167
5, heat, C, 96, 55, 50000, 0.6, 27.898
10, heat, C, 96, 55, 100000, 0.6, 27.685
200, heat, C, 96, 55, 2000000, 0.6, 29.335
800, heat, C, 96, 55, 8000000, 0.6, 59.512
1, heat, C, 96, 60, 10000, 0.6, 37.087
5, heat, C, 96, 60, 50000, 0.6, 33.957
10, heat, C, 96, 60, 100000, 0.6, 37.058
200, heat, C, 96, 60, 2000000, 0.6, 39.295
800, heat, C, 96, 60, 8000000, 0.6, 64.499
1, heat, C, 96, 65, 10000, 0.6, 35.884
5, heat, C, 96, 65, 50000, 0.6, 34.763
10, heat, C, 96, 65, 100000, 0.6, 23.741
200, heat, C, 96, 65, 2000000, 0.6, 14.179
800, heat, C, 96, 65, 8000000, 0.6, 34.265
1, heat, C, 96, 70, 10000, 0.6, 13.390
5, heat, C, 96, 70, 50000, 0.6, 4.934
10, heat, C, 96, 70, 100000, 0.6, 5.666
200, heat, C, 96, 70, 2000000, 0.6, 5.497
800, heat, C, 96, 70, 8000000, 0.6, 37.118
1, heat, C, 96, 75, 10000, 0.6, 4.089
5, heat, C, 96, 75, 50000, 0.6, 5.249
10, heat, C, 96, 75, 100000, 0.6, 6.960
200, heat, C, 96, 75, 2000000, 0.6, 5.387
800, heat, C, 96, 75, 8000000, 0.6, 33.188
1, heat, C, 96, 80, 10000, 0.6, 4.542
5, heat, C, 96, 80, 50000, 0.6, 5.379
10, heat, C, 96, 80, 100000, 0.6, 3.447
200, heat, C, 96, 80, 2000000, 0.6, 6.653
800, heat, C, 96, 80, 8000000, 0.6, 34.923
1, heat, C, 96, 85, 10000, 0.6, 9.480
5, heat, C, 96, 85, 50000, 0.6, 6.010
10, heat, C, 96, 85, 100000, 0.6, 6.160
200, heat, C, 96, 85, 2000000, 0.6, 7.400
800, heat, C, 96, 85, 8000000, 0.6, 35.705
1, heat, C, 96, 90, 10000, 0.6, 6.714
5, heat, C, 96, 90, 50000, 0.6, 4.193
10, heat, C, 96, 90, 100000, 0.6, 5.389
200, heat, C, 96, 90, 2000000, 0.6, 4.977
800, heat, C, 96, 90, 8000000, 0.6, 39.027
1, heat, C, 96, 95, 10000, 0.6, 4.887
5, heat, C, 96, 95, 50000, 0.6, 5.334
10, heat, C, 96, 95, 100000, 0.6, 4.532
200, heat, C, 96, 95, 2000000, 0.6, 6.169
800, heat, C, 96, 95, 8000000, 0.6, 37.103
1, heat, C, 96, 100, 10000, 0.6, 3.701
5, heat, C, 96, 100, 50000, 0.6, 5.761
10, heat, C, 96, 100, 100000, 0.6, 3.995
200, heat, C, 96, 100, 2000000, 0.6, 9.706
800, heat, C, 96, 100, 8000000, 0.6, 37.931
1, heat, C, 128, 0, 10000, 0.6, 8.926
5, heat, C, 128, 0, 50000, 0.6, 4.544
10, heat, C, 128, 0, 100000, 0.6, 9.274
200, heat, C, 128, 0, 2000000, 0.6, 3.980
800, heat, C, 128, 0, 8000000, 0.6, 38.536
1, heat, C, 128, 5, 10000, 0.6, 9.067
5, heat, C, 128, 5, 50000, 0.6, 5.946
10, heat, C, 128, 5, 100000, 0.6, 5.263
200, heat, C, 128, 5, 2000000, 0.6, 4.716
800, heat, C, 128, 5, 8000000, 0.6, 37.372
1, heat, C, 128, 10, 10000, 0.6, 4.814
5, heat, C, 128, 10, 50000, 0.6, 9.779
10, heat, C, 128, 10, 100000, 0.6, 18.041
200, heat, C, 128, 10, 2000000, 0.6, 15.472
800, heat, C, 128, 10, 8000000, 0.6, 47.610
1, heat, C, 128, 15, 10000, 0.6, 4.944
5, heat, C, 128, 15, 50000, 0.6, 12.033
10, heat, C, 128, 15, 100000, 0.6, 3.246
200, heat, C, 128, 15, 2000000, 0.6, 3.994
800, heat, C, 128, 15, 8000000, 0.6, 34.860
1, heat, C, 128, 20, 10000, 0.6, 3.214
5, heat, C, 128, 20, 50000, 0.6, 3.171
10, heat, C, 128, 20, 100000, 0.6, 3.221
200, heat, C, 128, 20, 2000000, 0.6, 4.913
800, heat, C, 128, 20, 8000000, 0.6, 35.912
1, heat, C, 128, 25, 10000, 0.6, 3.148
5, heat, C, 128, 25, 50000, 0.6, 5.879
10, heat, C, 128, 25, 100000, 0.6, 4.276
200, heat, C, 128, 25, 2000000, 0.6, 7.963
800, heat, C, 128, 25, 8000000, 0.6, 32.217
1, heat, C, 128, 30, 10000, 0.6, 17.911
5, heat, C, 128, 30, 50000, 0.6, 7.259
10, heat, C, 128, 30, 100000, 0.6, 9.553
200, heat, C, 128, 30, 2000000, 0.6, 3.888
800, heat, C, 128, 30, 8000000, 0.6, 36.558
1, heat, C, 128, 35, 10000, 0.6, 2.870
5, heat, C, 128, 35, 50000, 0.6, 2.928
10, heat, C, 128, 35, 100000, 0.6, 2.816
200, heat, C, 128, 35, 2000000, 0.6, 3.865
800, heat, C, 128, 35, 8000000, 0.6, 35.408
1, heat, C, 128, 40, 10000, 0.6, 2.844
5, heat, C, 128, 40, 50000, 0.6, 2.992
10, heat, C, 128, 40, 100000, 0.6, 2.975
200, heat, C, 128, 40, 2000000, 0.6, 3.931
800, heat, C, 128, 40, 8000000, 0.6, 32.665
1, heat, C, 128, 45, 10000, 0.6, 3.099
5, heat, C, 128, 45, 50000, 0.6, 2.975
10, heat, C, 128, 45, 100000, 0.6, 3.084
200, heat, C, 128, 45, 2000000, 0.6, 3.892
800, heat, C, 128, 45, 8000000, 0.6, 35.182
1, heat, C, 128, 50, 10000, 0.6, 2.950
5, heat, C, 128, 50, 50000, 0.6, 2.981
10, heat, C, 128, 50, 100000, 0.6, 3.060
200, heat, C, 128, 50, 2000000, 0.6, 4.288
800, heat, C, 128, 50, 8000000, 0.6, 37.827
1, heat, C, 128, 55, 10000, 0.6, 2.950
5, heat, C, 128, 55, 50000, 0.6, 2.994
10, heat, C, 128, 55, 100000, 0.6, 3.157
200, heat, C, 128, 55, 2000000, 0.6, 4.042
800, heat, C, 128, 55, 8000000, 0.6, 35.163
1, heat, C, 128, 60, 10000, 0.6, 3.099
5, heat, C, 128, 60, 50000, 0.6, 3.060
10, heat, C, 128, 60, 100000, 0.6, 2.982
200, heat, C, 128, 60, 2000000, 0.6, 3.855
800, heat, C, 128, 60, 8000000, 0.6, 34.680
1, heat, C, 128, 65, 10000, 0.6, 3.182
5, heat, C, 128, 65, 50000, 0.6, 3.016
10, heat, C, 128, 65, 100000, 0.6, 3.085
200, heat, C, 128, 65, 2000000, 0.6, 4.089
800, heat, C, 128, 65, 8000000, 0.6, 37.538
1, heat, C, 128, 70, 10000, 0.6, 2.920
5, heat, C, 128, 70, 50000, 0.6, 3.026
10, heat, C, 128, 70, 100000, 0.6, 3.074
200, heat, C, 128, 70, 2000000, 0.6, 3.946
800, heat, C, 128, 70, 8000000, 0.6, 37.229
1, heat, C, 128, 75, 10000, 0.6, 3.077
5, heat, C, 128, 75, 50000, 0.6, 3.061
10, heat, C, 128, 75, 100000, 0.6, 3.240
200, heat, C, 128, 75, 2000000, 0.6, 4.112
800, heat, C, 128, 75, 8000000, 0.6, 33.721
1, heat, C, 128, 80, 10000, 0.6, 3.004
5, heat, C, 128, 80, 50000, 0.6, 2.914
10, heat, C, 128, 80, 100000, 0.6, 2.954
200, heat, C, 128, 80, 2000000, 0.6, 3.967
800, heat, C, 128, 80, 8000000, 0.6, 34.781
1, heat, C, 128, 85, 10000, 0.6, 3.109
5, heat, C, 128, 85, 50000, 0.6, 2.887
10, heat, C, 128, 85, 100000, 0.6, 3.064
200, heat, C, 128, 85, 2000000, 0.6, 3.934
800, heat, C, 128, 85, 8000000, 0.6, 34.792
1, heat, C, 128, 90, 10000, 0.6, 2.995
5, heat, C, 128, 90, 50000, 0.6, 2.850
10, heat, C, 128, 90, 100000, 0.6, 2.992
200, heat, C, 128, 90, 2000000, 0.6, 4.019
800, heat, C, 128, 90, 8000000, 0.6, 34.091
1, heat, C, 128, 95, 10000, 0.6, 2.958
5, heat, C, 128, 95, 50000, 0.6, 3.087
10, heat, C, 128, 95, 100000, 0.6, 2.825
200, heat, C, 128, 95, 2000000, 0.6, 3.771
800, heat, C, 128, 95, 8000000, 0.6, 33.566
1, heat, C, 128, 100, 10000, 0.6, 3.043
5, heat, C, 128, 100, 50000, 0.6, 3.111
10, heat, C, 128, 100, 100000, 0.6, 2.925
200, heat, C, 128, 100, 2000000, 0.6, 3.981
800, heat, C, 128, 100, 8000000, 0.6, 36.161
1, heat, C, 192, 0, 10000, 0.6, 2.790
5, heat, C, 192, 0, 50000, 0.6, 2.986
10, heat, C, 192, 0, 100000, 0.6, 2.791
200, heat, C, 192, 0, 2000000, 0.6, 3.744
800, heat, C, 192, 0, 8000000, 0.6, 35.397
1, heat, C, 192, 5, 10000, 0.6, 2.845
5, heat, C, 192, 5, 50000, 0.6, 2.991
10, heat, C, 192, 5, 100000, 0.6, 2.993
200, heat, C, 192, 5, 2000000, 0.6, 3.742
800, heat, C, 192, 5, 8000000, 0.6, 34.601
1, heat, C, 192, 10, 10000, 0.6, 3.058
5, heat, C, 192, 10, 50000, 0.6, 3.043
10, heat, C, 192, 10, 100000, 0.6, 3.051
200, heat, C, 192, 10, 2000000, 0.6, 4.042
800, heat, C, 192, 10, 8000000, 0.6, 34.634
1, heat, C, 192, 15, 10000, 0.6, 2.950
5, heat, C, 192, 15, 50000, 0.6, 2.925
10, heat, C, 192, 15, 100000, 0.6, 3.059
200, heat, C, 192, 15, 2000000, 0.6, 3.932
800, heat, C, 192, 15, 8000000, 0.6, 33.348
1, heat, C, 192, 20, 10000, 0.6, 3.055
5, heat, C, 192, 20, 50000, 0.6, 2.962
10, heat, C, 192, 20, 100000, 0.6, 2.964
200, heat, C, 192, 20, 2000000, 0.6, 4.127
800, heat, C, 192, 20, 8000000, 0.6, 31.301
1, heat, C, 192, 25, 10000, 0.6, 14.175
5, heat, C, 192, 25, 50000, 0.6, 3.758
10, heat, C, 192, 25, 100000, 0.6, 3.343
200, heat, C, 192, 25, 2000000, 0.6, 4.304
800, heat, C, 192, 25, 8000000, 0.6, 34.295
1, heat, C, 192, 30, 10000, 0.6, 3.072
5, heat, C, 192, 30, 50000, 0.6, 2.932
10, heat, C, 192, 30, 100000, 0.6, 2.965
200, heat, C, 192, 30, 2000000, 0.6, 3.934
800, heat, C, 192, 30, 8000000, 0.6, 34.054
1, heat, C, 192, 35, 10000, 0.6, 3.000
5, heat, C, 192, 35, 50000, 0.6, 3.098
10, heat, C, 192, 35, 100000, 0.6, 3.122
200, heat, C, 192, 35, 2000000, 0.6, 3.719
800, heat, C, 192, 35, 8000000, 0.6, 36.355
1, heat, C, 192, 40, 10000, 0.6, 7.216
5, heat, C, 192, 40, 50000, 0.6, 3.033
10, heat, C, 192, 40, 100000, 0.6, 3.007
200, heat, C, 192, 40, 2000000, 0.6, 3.788
800, heat, C, 192, 40, 8000000, 0.6, 32.982
1, heat, C, 192, 45, 10000, 0.6, 3.017
5, heat, C, 192, 45, 50000, 0.6, 2.972
10, heat, C, 192, 45, 100000, 0.6, 2.933
200, heat, C, 192, 45, 2000000, 0.6, 3.820
800, heat, C, 192, 45, 8000000, 0.6, 32.395
1, heat, C, 192, 50, 10000, 0.6, 2.853
5, heat, C, 192, 50, 50000, 0.6, 3.127
10, heat, C, 192, 50, 100000, 0.6, 3.063
200, heat, C, 192, 50, 2000000, 0.6, 4.016
800, heat, C, 192, 50, 8000000, 0.6, 35.302
1, heat, C, 192, 55, 10000, 0.6, 2.969
5, heat, C, 192, 55, 50000, 0.6, 3.145
10, heat, C, 192, 55, 100000, 0.6, 3.037
200, heat, C, 192, 55, 2000000, 0.6, 3.825
800, heat, C, 192, 55, 8000000, 0.6, 35.243
1, heat, C, 192, 60, 10000, 0.6, 2.849
5, heat, C, 192, 60, 50000, 0.6, 3.087
10, heat, C, 192, 60, 100000, 0.6, 2.923
200, heat, C, 192, 60, 2000000, 0.6, 3.869
800, heat, C, 192, 60, 8000000, 0.6, 33.871
1, heat, C, 192, 65, 10000, 0.6, 2.937
5, heat, C, 192, 65, 50000, 0.6, 2.872
10, heat, C, 192, 65, 100000, 0.6, 3.106
200, heat, C, 192, 65, 2000000, 0.6, 3.960
800, heat, C, 192, 65, 8000000, 0.6, 32.862
1, heat, C, 192, 70, 10000, 0.6, 3.093
5, heat, C, 192, 70, 50000, 0.6, 3.256
10, heat, C, 192, 70, 100000, 0.6, 2.902
200, heat, C, 192, 70, 2000000, 0.6, 3.955
800, heat, C, 192, 70, 8000000, 0.6, 32.039
1, heat, C, 192, 75, 10000, 0.6, 2.898
5, heat, C, 192, 75, 50000, 0.6, 3.056
10, heat, C, 192, 75, 100000, 0.6, 3.095
200, heat, C, 192, 75, 2000000, 0.6, 3.831
800, heat, C, 192, 75, 8000000, 0.6, 33.838
1, heat, C, 192, 80, 10000, 0.6, 2.979
5, heat, C, 192, 80, 50000, 0.6, 2.908
10, heat, C, 192, 80, 100000, 0.6, 3.076
200, heat, C, 192, 80, 2000000, 0.6, 3.957
800, heat, C, 192, 80, 8000000, 0.6, 32.664
1, heat, C, 192, 85, 10000, 0.6, 2.977
5, heat, C, 192, 85, 50000, 0.6, 3.183
10, heat, C, 192, 85, 100000, 0.6, 3.075
200, heat, C, 192, 85, 2000000, 0.6, 3.840
800, heat, C, 192, 85, 8000000, 0.6, 34.925
1, heat, C, 192, 90, 10000, 0.6, 3.361
5, heat, C, 192, 90, 50000, 0.6, 2.931
10, heat, C, 192, 90, 100000, 0.6, 3.015
200, heat, C, 192, 90, 2000000, 0.6, 3.969
800, heat, C, 192, 90, 8000000, 0.6, 34.061
1, heat, C, 192, 95, 10000, 0.6, 3.077
5, heat, C, 192, 95, 50000, 0.6, 2.991
10, heat, C, 192, 95, 100000, 0.6, 3.013
200, heat, C, 192, 95, 2000000, 0.6, 4.067
800, heat, C, 192, 95, 8000000, 0.6, 34.517
1, heat, C, 192, 100, 10000, 0.6, 2.994
5, heat, C, 192, 100, 50000, 0.6, 3.249
10, heat, C, 192, 100, 100000, 0.6, 3.094
200, heat, C, 192, 100, 2000000, 0.6, 3.925
800, heat, C, 192, 100, 8000000, 0.6, 36.572
1, heat, C, 256, 0, 10000, 0.6, 5.585
5, heat, C, 256, 0, 50000, 0.6, 3.629
10, heat, C, 256, 0, 100000, 0.6, 2.857
200, heat, C, 256, 0, 2000000, 0.6, 4.801
800, heat, C, 256, 0, 8000000, 0.6, 24.572
1, heat, C, 256, 5, 10000, 0.6, 2.964
5, heat, C, 256, 5, 50000, 0.6, 3.032
10, heat, C, 256, 5, 100000, 0.6, 3.087
200, heat, C, 256, 5, 2000000, 0.6, 4.029
800, heat, C, 256, 5, 8000000, 0.6, 29.170
1, heat, C, 256, 10, 10000, 0.6, 3.133
5, heat, C, 256, 10, 50000, 0.6, 2.893
10, heat, C, 256, 10, 100000, 0.6, 2.844
200, heat, C, 256, 10, 2000000, 0.6, 3.940
800, heat, C, 256, 10, 8000000, 0.6, 37.913
1, heat, C, 256, 15, 10000, 0.6, 2.907
5, heat, C, 256, 15, 50000, 0.6, 2.936
10, heat, C, 256, 15, 100000, 0.6, 2.983
200, heat, C, 256, 15, 2000000, 0.6, 3.903
800, heat, C, 256, 15, 8000000, 0.6, 35.745
1, heat, C, 256, 20, 10000, 0.6, 2.920
5, heat, C, 256, 20, 50000, 0.6, 3.016
10, heat, C, 256, 20, 100000, 0.6, 2.989
200, heat, C, 256, 20, 2000000, 0.6, 3.806
800, heat, C, 256, 20, 8000000, 0.6, 34.981
1, heat, C, 256, 25, 10000, 0.6, 2.954
5, heat, C, 256, 25, 50000, 0.6, 3.071
10, heat, C, 256, 25, 100000, 0.6, 3.033
200, heat, C, 256, 25, 2000000, 0.6, 4.020
800, heat, C, 256, 25, 8000000, 0.6, 36.751
1, heat, C, 256, 30, 10000, 0.6, 3.025
5, heat, C, 256, 30, 50000, 0.6, 2.895
10, heat, C, 256, 30, 100000, 0.6, 3.059
200, heat, C, 256, 30, 2000000, 0.6, 3.938
800, heat, C, 256, 30, 8000000, 0.6, 30.628
1, heat, C, 256, 35, 10000, 0.6, 2.945
5, heat, C, 256, 35, 50000, 0.6, 3.031
10, heat, C, 256, 35, 100000, 0.6, 2.928
200, heat, C, 256, 35, 2000000, 0.6, 3.839
800, heat, C, 256, 35, 8000000, 0.6, 33.551
1, heat, C, 256, 40, 10000, 0.6, 3.063
5, heat, C, 256, 40, 50000, 0.6, 2.794
10, heat, C, 256, 40, 100000, 0.6, 3.045
200, heat, C, 256, 40, 2000000, 0.6, 3.866
800, heat, C, 256, 40, 8000000, 0.6, 37.209
1, heat, C, 256, 45, 10000, 0.6, 2.924
5, heat, C, 256, 45, 50000, 0.6, 2.902
10, heat, C, 256, 45, 100000, 0.6, 2.940
200, heat, C, 256, 45, 2000000, 0.6, 3.870
800, heat, C, 256, 45, 8000000, 0.6, 38.334
1, heat, C, 256, 50, 10000, 0.6, 2.840
5, heat, C, 256, 50, 50000, 0.6, 2.939
10, heat, C, 256, 50, 100000, 0.6, 3.085
200, heat, C, 256, 50, 2000000, 0.6, 3.917
800, heat, C, 256, 50, 8000000, 0.6, 34.817
1, heat, C, 256, 55, 10000, 0.6, 2.985
5, heat, C, 256, 55, 50000, 0.6, 3.068
10, heat, C, 256, 55, 100000, 0.6, 2.988
200, heat, C, 256, 55, 2000000, 0.6, 4.118
800, heat, C, 256, 55, 8000000, 0.6, 31.698
1, heat, C, 256, 60, 10000, 0.6, 3.021
5, heat, C, 256, 60, 50000, 0.6, 3.033
10, heat, C, 256, 60, 100000, 0.6, 3.091
200, heat, C, 256, 60, 2000000, 0.6, 3.799
800, heat, C, 256, 60, 8000000, 0.6, 29.867
1, heat, C, 256, 65, 10000, 0.6, 3.010
5, heat, C, 256, 65, 50000, 0.6, 3.020
10, heat, C, 256, 65, 100000, 0.6, 3.104
200, heat, C, 256, 65, 2000000, 0.6, 4.009
800, heat, C, 256, 65, 8000000, 0.6, 32.906
1, heat, C, 256, 70, 10000, 0.6, 3.052
5, heat, C, 256, 70, 50000, 0.6, 3.012
10, heat, C, 256, 70, 100000, 0.6, 3.020
200, heat, C, 256, 70, 2000000, 0.6, 3.986
800, heat, C, 256, 70, 8000000, 0.6, 33.578
1, heat, C, 256, 75, 10000, 0.6, 3.019
5, heat, C, 256, 75, 50000, 0.6, 2.942
10, heat, C, 256, 75, 100000, 0.6, 2.873
200, heat, C, 256, 75, 2000000, 0.6, 3.897
800, heat, C, 256, 75, 8000000, 0.6, 34.322
1, heat, C, 256, 80, 10000, 0.6, 2.986
5, heat, C, 256, 80, 50000, 0.6, 2.968
10, heat, C, 256, 80, 100000, 0.6, 2.903
200, heat, C, 256, 80, 2000000, 0.6, 4.071
800, heat, C, 256, 80, 8000000, 0.6, 34.743
1, heat, C, 256, 85, 10000, 0.6, 2.984
5, heat, C, 256, 85, 50000, 0.6, 2.961
10, heat, C, 256, 85, 100000, 0.6, 2.903
200, heat, C, 256, 85, 2000000, 0.6, 3.977
800, heat, C, 256, 85, 8000000, 0.6, 37.450
1, heat, C, 256, 90, 10000, 0.6, 2.989
5, heat, C, 256, 90, 50000, 0.6, 2.965
10, heat, C, 256, 90, 100000, 0.6, 2.853
200, heat, C, 256, 90, 2000000, 0.6, 3.806
800, heat, C, 256, 90, 8000000, 0.6, 36.398
1, heat, C, 256, 95, 10000, 0.6, 2.902
5, heat, C, 256, 95, 50000, 0.6, 3.031
10, heat, C, 256, 95, 100000, 0.6, 3.016
200, heat, C, 256, 95, 2000000, 0.6, 3.959
800, heat, C, 256, 95, 8000000, 0.6, 34.874
1, heat, C, 256, 100, 10000, 0.6, 2.897
5, heat, C, 256, 100, 50000, 0.6, 2.937
10, heat, C, 256, 100, 100000, 0.6, 2.971
200, heat, C, 256, 100, 2000000, 0.6, 3.974
800, heat, C, 256, 100, 8000000, 0.6, 35.084
1, heat, C, 384, 0, 10000, 0.6, 2.735
5, heat, C, 384, 0, 50000, 0.6, 2.699
10, heat, C, 384, 0, 100000, 0.6, 2.796
200, heat, C, 384, 0, 2000000, 0.6, 3.700
800, heat, C, 384, 0, 8000000, 0.6, 26.012
1, heat, C, 384, 5, 10000, 0.6, 13.711
5, heat, C, 384, 5, 50000, 0.6, 3.307
10, heat, C, 384, 5, 100000, 0.6, 3.172
200, heat, C, 384, 5, 2000000, 0.6, 4.996
800, heat, C, 384, 5, 8000000, 0.6, 36.021
1, heat, C, 384, 10, 10000, 0.6, 3.010
5, heat, C, 384, 10, 50000, 0.6, 2.901
10, heat, C, 384, 10, 100000, 0.6, 2.984
200, heat, C, 384, 10, 2000000, 0.6, 3.846
800, heat, C, 384, 10, 8000000, 0.6, 34.233
1, heat, C, 384, 15, 10000, 0.6, 3.013
5, heat, C, 384, 15, 50000, 0.6, 2.966
10, heat, C, 384, 15, 100000, 0.6, 3.108
200, heat, C, 384, 15, 2000000, 0.6, 3.803
800, heat, C, 384, 15, 8000000, 0.6, 37.724
1, heat, C, 384, 20, 10000, 0.6, 3.072
5, heat, C, 384, 20, 50000, 0.6, 2.980
10, heat, C, 384, 20, 100000, 0.6, 3.048
200, heat, C, 384, 20, 2000000, 0.6, 4.044
800, heat, C, 384, 20, 8000000, 0.6, 35.736
1, heat, C, 384, 25, 10000, 0.6, 2.919
5, heat, C, 384, 25, 50000, 0.6, 2.885
10, heat, C, 384, 25, 100000, 0.6, 3.013
200, heat, C, 384, 25, 2000000, 0.6, 3.874
800, heat, C, 384, 25, 8000000, 0.6, 36.433
1, heat, C, 384, 30, 10000, 0.6, 2.845
5, heat, C, 384, 30, 50000, 0.6, 3.092
10, heat, C, 384, 30, 100000, 0.6, 3.055
200, heat, C, 384, 30, 2000000, 0.6, 4.204
800, heat, C, 384, 30, 8000000, 0.6, 34.005
1, heat, C, 384, 35, 10000, 0.6, 2.887
5, heat, C, 384, 35, 50000, 0.6, 3.100
10, heat, C, 384, 35, 100000, 0.6, 3.095
200, heat, C, 384, 35, 2000000, 0.6, 3.885
800, heat, C, 384, 35, 8000000, 0.6, 40.005
1, heat, C, 384, 40, 10000, 0.6, 2.914
5, heat, C, 384, 40, 50000, 0.6, 3.022
10, heat, C, 384, 40, 100000, 0.6, 2.970
200, heat, C, 384, 40, 2000000, 0.6, 3.871
800, heat, C, 384, 40, 8000000, 0.6, 36.635
1, heat, C, 384, 45, 10000, 0.6, 3.218
5, heat, C, 384, 45, 50000, 0.6, 2.933
10, heat, C, 384, 45, 100000, 0.6, 3.003
200, heat, C, 384, 45, 2000000, 0.6, 3.854
800, heat, C, 384, 45, 8000000, 0.6, 35.145
1, heat, C, 384, 50, 10000, 0.6, 3.086
5, heat, C, 384, 50, 50000, 0.6, 3.012
10, heat, C, 384, 50, 100000, 0.6, 2.979
200, heat, C, 384, 50, 2000000, 0.6, 3.993
800, heat, C, 384, 50, 8000000, 0.6, 29.436
1, heat, C, 384, 55, 10000, 0.6, 3.070
5, heat, C, 384, 55, 50000, 0.6, 4.533
10, heat, C, 384, 55, 100000, 0.6, 2.994
200, heat, C, 384, 55, 2000000, 0.6, 3.985
800, heat, C, 384, 55, 8000000, 0.6, 41.031
1, heat, C, 384, 60, 10000, 0.6, 3.019
5, heat, C, 384, 60, 50000, 0.6, 3.040
10, heat, C, 384, 60, 100000, 0.6, 3.068
200, heat, C, 384, 60, 2000000, 0.6, 4.019
800, heat, C, 384, 60, 8000000, 0.6, 36.126
1, heat, C, 384, 65, 10000, 0.6, 3.265
5, heat, C, 384, 65, 50000, 0.6, 3.069
10, heat, C, 384, 65, 100000, 0.6, 3.238
200, heat, C, 384, 65, 2000000, 0.6, 3.776
800, heat, C, 384, 65, 8000000, 0.6, 32.367
1, heat, C, 384, 70, 10000, 0.6, 3.169
5, heat, C, 384, 70, 50000, 0.6, 3.050
10, heat, C, 384, 70, 100000, 0.6, 3.044
200, heat, C, 384, 70, 2000000, 0.6, 4.007
800, heat, C, 384, 70, 8000000, 0.6, 36.387
1, heat, C, 384, 75, 10000, 0.6, 3.147
5, heat, C, 384, 75, 50000, 0.6, 2.961
10, heat, C, 384, 75, 100000, 0.6, 4.862
200, heat, C, 384, 75, 2000000, 0.6, 4.077
800, heat, C, 384, 75, 8000000, 0.6, 32.636
1, heat, C, 384, 80, 10000, 0.6, 3.155
5, heat, C, 384, 80, 50000, 0.6, 3.039
10, heat, C, 384, 80, 100000, 0.6, 3.017
200, heat, C, 384, 80, 2000000, 0.6, 3.947
800, heat, C, 384, 80, 8000000, 0.6, 30.439
1, heat, C, 384, 85, 10000, 0.6, 14.676
5, heat, C, 384, 85, 50000, 0.6, 3.052
10, heat, C, 384, 85, 100000, 0.6, 2.951
200, heat, C, 384, 85, 2000000, 0.6, 4.153
800, heat, C, 384, 85, 8000000, 0.6, 29.265
1, heat, C, 384, 90, 10000, 0.6, 3.010
5, heat, C, 384, 90, 50000, 0.6, 2.889
10, heat, C, 384, 90, 100000, 0.6, 3.252
200, heat, C, 384, 90, 2000000, 0.6, 4.044
800, heat, C, 384, 90, 8000000, 0.6, 35.539
1, heat, C, 384, 95, 10000, 0.6, 3.133
5, heat, C, 384, 95, 50000, 0.6, 3.084
10, heat, C, 384, 95, 100000, 0.6, 3.026
200, heat, C, 384, 95, 2000000, 0.6, 4.022
800, heat, C, 384, 95, 8000000, 0.6, 35.977
1, heat, C, 384, 100, 10000, 0.6, 2.941
5, heat, C, 384, 100, 50000, 0.6, 2.868
10, heat, C, 384, 100, 100000, 0.6, 2.926
200, heat, C, 384, 100, 2000000, 0.6, 3.969
800, heat, C, 384, 100, 8000000, 0.6, 34.488
1, heat, C, 512, 0, 10000, 0.6, 2.816
5, heat, C, 512, 0, 50000, 0.6, 2.773
10, heat, C, 512, 0, 100000, 0.6, 2.874
200, heat, C, 512, 0, 2000000, 0.6, 3.647
800, heat, C, 512, 0, 8000000, 0.6, 33.454
1, heat, C, 512, 5, 10000, 0.6, 3.023
5, heat, C, 512, 5, 50000, 0.6, 3.193
10, heat, C, 512, 5, 100000, 0.6, 3.008
200, heat, C, 512, 5, 2000000, 0.6, 3.748
800, heat, C, 512, 5, 8000000, 0.6, 35.077
1, heat, C, 512, 10, 10000, 0.6, 2.996
5, heat, C, 512, 10, 50000, 0.6, 2.891
10, heat, C, 512, 10, 100000, 0.6, 3.018
200, heat, C, 512, 10, 2000000, 0.6, 3.981
800, heat, C, 512, 10, 8000000, 0.6, 35.265
1, heat, C, 512, 15, 10000, 0.6, 2.917
5, heat, C, 512, 15, 50000, 0.6, 2.920
10, heat, C, 512, 15, 100000, 0.6, 3.057
200, heat, C, 512, 15, 2000000, 0.6, 3.779
800, heat, C, 512, 15, 8000000, 0.6, 39.309
1, heat, C, 512, 20, 10000, 0.6, 2.905
5, heat, C, 512, 20, 50000, 0.6, 2.977
10, heat, C, 512, 20, 100000, 0.6, 3.054
200, heat, C, 512, 20, 2000000, 0.6, 3.970
800, heat, C, 512, 20, 8000000, 0.6, 35.505
1, heat, C, 512, 25, 10000, 0.6, 2.841
5, heat, C, 512, 25, 50000, 0.6, 3.115
10, heat, C, 512, 25, 100000, 0.6, 2.900
200, heat, C, 512, 25, 2000000, 0.6, 3.774
800, heat, C, 512, 25, 8000000, 0.6, 35.108
1, heat, C, 512, 30, 10000, 0.6, 3.095
5, heat, C, 512, 30, 50000, 0.6, 3.293
10, heat, C, 512, 30, 100000, 0.6, 2.999
200, heat, C, 512, 30, 2000000, 0.6, 3.859
800, heat, C, 512, 30, 8000000, 0.6, 31.422
1, heat, C, 512, 35, 10000, 0.6, 3.152
5, heat, C, 512, 35, 50000, 0.6, 2.948
10, heat, C, 512, 35, 100000, 0.6, 2.881
200, heat, C, 512, 35, 2000000, 0.6, 3.911
800, heat, C, 512, 35, 8000000, 0.6, 37.261
1, heat, C, 512, 40, 10000, 0.6, 3.013
5, heat, C, 512, 40, 50000, 0.6, 3.223
10, heat, C, 512, 40, 100000, 0.6, 3.089
200, heat, C, 512, 40, 2000000, 0.6, 3.746
800, heat, C, 512, 40, 8000000, 0.6, 35.310
1, heat, C, 512, 45, 10000, 0.6, 3.085
5, heat, C, 512, 45, 50000, 0.6, 2.942
10, heat, C, 512, 45, 100000, 0.6, 3.021
200, heat, C, 512, 45, 2000000, 0.6, 3.835
800, heat, C, 512, 45, 8000000, 0.6, 34.392
1, heat, C, 512, 50, 10000, 0.6, 2.943
5, heat, C, 512, 50, 50000, 0.6, 3.164
10, heat, C, 512, 50, 100000, 0.6, 2.910
200, heat, C, 512, 50, 2000000, 0.6, 3.881
800, heat, C, 512, 50, 8000000, 0.6, 34.621
1, heat, C, 512, 55, 10000, 0.6, 3.094
5, heat, C, 512, 55, 50000, 0.6, 2.917
10, heat, C, 512, 55, 100000, 0.6, 3.093
200, heat, C, 512, 55, 2000000, 0.6, 3.895
800, heat, C, 512, 55, 8000000, 0.6, 35.451
1, heat, C, 512, 60, 10000, 0.6, 2.916
5, heat, C, 512, 60, 50000, 0.6, 2.933
10, heat, C, 512, 60, 100000, 0.6, 2.951
200, heat, C, 512, 60, 2000000, 0.6, 3.981
800, heat, C, 512, 60, 8000000, 0.6, 34.265
1, heat, C, 512, 65, 10000, 0.6, 2.921
5, heat, C, 512, 65, 50000, 0.6, 2.886
10, heat, C, 512, 65, 100000, 0.6, 2.899
200, heat, C, 512, 65, 2000000, 0.6, 3.967
800, heat, C, 512, 65, 8000000, 0.6, 33.789
1, heat, C, 512, 70, 10000, 0.6, 2.871
5, heat, C, 512, 70, 50000, 0.6, 2.996
10, heat, C, 512, 70, 100000, 0.6, 3.018
200, heat, C, 512, 70, 2000000, 0.6, 4.037
800, heat, C, 512, 70, 8000000, 0.6, 34.902
1, heat, C, 512, 75, 10000, 0.6, 2.980
5, heat, C, 512, 75, 50000, 0.6, 3.002
10, heat, C, 512, 75, 100000, 0.6, 3.088
200, heat, C, 512, 75, 2000000, 0.6, 3.946
800, heat, C, 512, 75, 8000000, 0.6, 35.155
1, heat, C, 512, 80, 10000, 0.6, 2.949
5, heat, C, 512, 80, 50000, 0.6, 2.921
10, heat, C, 512, 80, 100000, 0.6, 2.979
200, heat, C, 512, 80, 2000000, 0.6, 4.100
800, heat, C, 512, 80, 8000000, 0.6, 30.274
1, heat, C, 512, 85, 10000, 0.6, 13.989
5, heat, C, 512, 85, 50000, 0.6, 3.783
10, heat, C, 512, 85, 100000, 0.6, 3.133
200, heat, C, 512, 85, 2000000, 0.6, 4.545
800, heat, C, 512, 85, 8000000, 0.6, 34.107
1, heat, C, 512, 90, 10000, 0.6, 2.963
5, heat, C, 512, 90, 50000, 0.6, 2.977
10, heat, C, 512, 90, 100000, 0.6, 3.049
200, heat, C, 512, 90, 2000000, 0.6, 3.959
800, heat, C, 512, 90, 8000000, 0.6, 34.452
1, heat, C, 512, 95, 10000, 0.6, 3.336
5, heat, C, 512, 95, 50000, 0.6, 3.203
10, heat, C, 512, 95, 100000, 0.6, 3.178
200, heat, C, 512, 95, 2000000, 0.6, 3.957
800, heat, C, 512, 95, 8000000, 0.6, 34.543
1, heat, C, 512, 100, 10000, 0.6, 3.035
5, heat, C, 512, 100, 50000, 0.6, 3.384
10, heat, C, 512, 100, 100000, 0.6, 2.985
200, heat, C, 512, 100, 2000000, 0.6, 4.050
800, heat, C, 512, 100, 8000000, 0.6, 36.589
1, heat, C, 768, 0, 10000, 0.6, 3.056
5, heat, C, 768, 0, 50000, 0.6, 2.719
10, heat, C, 768, 0, 100000, 0.6, 2.809
200, heat, C, 768, 0, 2000000, 0.6, 3.903
800, heat, C, 768, 0, 8000000, 0.6, 33.686
1, heat, C, 768, 5, 10000, 0.6, 2.975
5, heat, C, 768, 5, 50000, 0.6, 2.987
10, heat, C, 768, 5, 100000, 0.6, 3.053
200, heat, C, 768, 5, 2000000, 0.6, 3.971
800, heat, C, 768, 5, 8000000, 0.6, 33.510
1, heat, C, 768, 10, 10000, 0.6, 3.380
5, heat, C, 768, 10, 50000, 0.6, 2.943
10, heat, C, 768, 10, 100000, 0.6, 2.993
200, heat, C, 768, 10, 2000000, 0.6, 4.079
800, heat, C, 768, 10, 8000000, 0.6, 37.159
1, heat, C, 768, 15, 10000, 0.6, 3.106
5, heat, C, 768, 15, 50000, 0.6, 3.060
10, heat, C, 768, 15, 100000, 0.6, 3.078
200, heat, C, 768, 15, 2000000, 0.6, 3.976
800, heat, C, 768, 15, 8000000, 0.6, 32.765
1, heat, C, 768, 20, 10000, 0.6, 3.279
5, heat, C, 768, 20, 50000, 0.6, 3.339
10, heat, C, 768, 20, 100000, 0.6, 3.042
200, heat, C, 768, 20, 2000000, 0.6, 4.032
800, heat, C, 768, 20, 8000000, 0.6, 35.260
1, heat, C, 768, 25, 10000, 0.6, 3.166
5, heat, C, 768, 25, 50000, 0.6, 2.999
10, heat, C, 768, 25, 100000, 0.6, 3.115
200, heat, C, 768, 25, 2000000, 0.6, 4.481
800, heat, C, 768, 25, 8000000, 0.6, 33.395
1, heat, C, 768, 30, 10000, 0.6, 3.252
5, heat, C, 768, 30, 50000, 0.6, 3.104
10, heat, C, 768, 30, 100000, 0.6, 3.092
200, heat, C, 768, 30, 2000000, 0.6, 3.915
800, heat, C, 768, 30, 8000000, 0.6, 32.848
1, heat, C, 768, 35, 10000, 0.6, 2.992
5, heat, C, 768, 35, 50000, 0.6, 3.036
10, heat, C, 768, 35, 100000, 0.6, 3.061
200, heat, C, 768, 35, 2000000, 0.6, 3.982
800, heat, C, 768, 35, 8000000, 0.6, 33.969
1, heat, C, 768, 40, 10000, 0.6, 3.071
5, heat, C, 768, 40, 50000, 0.6, 2.951
10, heat, C, 768, 40, 100000, 0.6, 2.891
200, heat, C, 768, 40, 2000000, 0.6, 3.917
800, heat, C, 768, 40, 8000000, 0.6, 35.607
1, heat, C, 768, 45, 10000, 0.6, 3.116
5, heat, C, 768, 45, 50000, 0.6, 3.100
10, heat, C, 768, 45, 100000, 0.6, 2.996
200, heat, C, 768, 45, 2000000, 0.6, 4.017
800, heat, C, 768, 45, 8000000, 0.6, 35.111
1, heat, C, 768, 50, 10000, 0.6, 3.023
5, heat, C, 768, 50, 50000, 0.6, 2.927
10, heat, C, 768, 50, 100000, 0.6, 3.241
200, heat, C, 768, 50, 2000000, 0.6, 3.933
800, heat, C, 768, 50, 8000000, 0.6, 30.592
1, heat, C, 768, 55, 10000, 0.6, 2.944
5, heat, C, 768, 55, 50000, 0.6, 3.269
10, heat, C, 768, 55, 100000, 0.6, 3.082
200, heat, C, 768, 55, 2000000, 0.6, 4.000
800, heat, C, 768, 55, 8000000, 0.6, 34.803
1, heat, C, 768, 60, 10000, 0.6, 5.051
5, heat, C, 768, 60, 50000, 0.6, 4.755
10, heat, C, 768, 60, 100000, 0.6, 2.957
200, heat, C, 768, 60, 2000000, 0.6, 4.139
800, heat, C, 768, 60, 8000000, 0.6, 23.285
1, heat, C, 768, 65, 10000, 0.6, 3.040
5, heat, C, 768, 65, 50000, 0.6, 3.141
10, heat, C, 768, 65, 100000, 0.6, 3.273
200, heat, C, 768, 65, 2000000, 0.6, 4.026
800, heat, C, 768, 65, 8000000, 0.6, 29.341
1, heat, C, 768, 70, 10000, 0.6, 3.189
5, heat, C, 768, 70, 50000, 0.6, 2.980
10, heat, C, 768, 70, 100000, 0.6, 3.174
200, heat, C, 768, 70, 2000000, 0.6, 3.889
800, heat, C, 768, 70, 8000000, 0.6, 34.415
1, heat, C, 768, 75, 10000, 0.6, 2.958
5, heat, C, 768, 75, 50000, 0.6, 3.031
10, heat, C, 768, 75, 100000, 0.6, 3.087
200, heat, C, 768, 75, 2000000, 0.6, 3.880
800, heat, C, 768, 75, 8000000, 0.6, 35.231
1, heat, C, 768, 80, 10000, 0.6, 2.854
5, heat, C, 768, 80, 50000, 0.6, 3.076
10, heat, C, 768, 80, 100000, 0.6, 2.984
200, heat, C, 768, 80, 2000000, 0.6, 4.104
800, heat, C, 768, 80, 8000000, 0.6, 33.719
1, heat, C, 768, 85, 10000, 0.6, 3.017
5, heat, C, 768, 85, 50000, 0.6, 3.091
10, heat, C, 768, 85, 100000, 0.6, 3.169
200, heat, C, 768, 85, 2000000, 0.6, 3.974
800, heat, C, 768, 85, 8000000, 0.6, 35.201
1, heat, C, 768, 90, 10000, 0.6, 2.951
5, heat, C, 768, 90, 50000, 0.6, 2.999
10, heat, C, 768, 90, 100000, 0.6, 3.004
200, heat, C, 768, 90, 2000000, 0.6, 3.793
800, heat, C, 768, 90, 8000000, 0.6, 34.114
1, heat, C, 768, 95, 10000, 0.6, 2.949
5, heat, C, 768, 95, 50000, 0.6, 3.188
10, heat, C, 768, 95, 100000, 0.6, 2.982
200, heat, C, 768, 95, 2000000, 0.6, 3.921
800, heat, C, 768, 95, 8000000, 0.6, 31.389
1, heat, C, 768, 100, 10000, 0.6, 3.009
5, heat, C, 768, 100, 50000, 0.6, 2.997
10, heat, C, 768, 100, 100000, 0.6, 3.029
200, heat, C, 768, 100, 2000000, 0.6, 3.940
800, heat, C, 768, 100, 8000000, 0.6, 33.427
1, heat, C, 1024, 0, 10000, 0.6, 3.137
5, heat, C, 1024, 0, 50000, 0.6, 2.939
10, heat, C, 1024, 0, 100000, 0.6, 2.827
200, heat, C, 1024, 0, 2000000, 0.6, 4.202
800, heat, C, 1024, 0, 8000000, 0.6, 36.972
1, heat, C, 1024, 5, 10000, 0.6, 2.989
5, heat, C, 1024, 5, 50000, 0.6, 3.047
10, heat, C, 1024, 5, 100000, 0.6, 2.999
200, heat, C, 1024, 5, 2000000, 0.6, 4.077
800, heat, C, 1024, 5, 8000000, 0.6, 36.737
1, heat, C, 1024, 10, 10000, 0.6, 2.992
5, heat, C, 1024, 10, 50000, 0.6, 3.030
10, heat, C, 1024, 10, 100000, 0.6, 3.069
200, heat, C, 1024, 10, 2000000, 0.6, 3.989
800, heat, C, 1024, 10, 8000000, 0.6, 31.570
1, heat, C, 1024, 15, 10000, 0.6, 3.004
5, heat, C, 1024, 15, 50000, 0.6, 3.074
10, heat, C, 1024, 15, 100000, 0.6, 3.059
200, heat, C, 1024, 15, 2000000, 0.6, 3.853
800, heat, C, 1024, 15, 8000000, 0.6, 34.524
1, heat, C, 1024, 20, 10000, 0.6, 2.967
5, heat, C, 1024, 20, 50000, 0.6, 3.083
10, heat, C, 1024, 20, 100000, 0.6, 3.081
200, heat, C, 1024, 20, 2000000, 0.6, 3.983
800, heat, C, 1024, 20, 8000000, 0.6, 35.401
1, heat, C, 1024, 25, 10000, 0.6, 3.042
5, heat, C, 1024, 25, 50000, 0.6, 3.306
10, heat, C, 1024, 25, 100000, 0.6, 3.067
200, heat, C, 1024, 25, 2000000, 0.6, 4.025
800, heat, C, 1024, 25, 8000000, 0.6, 34.433
1, heat, C, 1024, 30, 10000, 0.6, 2.995
5, heat, C, 1024, 30, 50000, 0.6, 2.947
10, heat, C, 1024, 30, 100000, 0.6, 3.107
200, heat, C, 1024, 30, 2000000, 0.6, 3.957
800, heat, C, 1024, 30, 8000000, 0.6, 35.798
1, heat, C, 1024, 35, 10000, 0.6, 2.997
5, heat, C, 1024, 35, 50000, 0.6, 3.008
10, heat, C, 1024, 35, 100000, 0.6, 2.918
200, heat, C, 1024, 35, 2000000, 0.6, 4.028
800, heat, C, 1024, 35, 8000000, 0.6, 36.386
1, heat, C, 1024, 40, 10000, 0.6, 2.883
5, heat, C, 1024, 40, 50000, 0.6, 2.918
10, heat, C, 1024, 40, 100000, 0.6, 3.052
200, heat, C, 1024, 40, 2000000, 0.6, 3.898
800, heat, C, 1024, 40, 8000000, 0.6, 37.178
1, heat, C, 1024, 45, 10000, 0.6, 2.874
5, heat, C, 1024, 45, 50000, 0.6, 3.088
10, heat, C, 1024, 45, 100000, 0.6, 2.897
200, heat, C, 1024, 45, 2000000, 0.6, 3.955
800, heat, C, 1024, 45, 8000000, 0.6, 36.763
1, heat, C, 1024, 50, 10000, 0.6, 2.861
5, heat, C, 1024, 50, 50000, 0.6, 2.972
10, heat, C, 1024, 50, 100000, 0.6, 3.035
200, heat, C, 1024, 50, 2000000, 0.6, 4.110
800, heat, C, 1024, 50, 8000000, 0.6, 31.469
1, heat, C, 1024, 55, 10000, 0.6, 2.980
5, heat, C, 1024, 55, 50000, 0.6, 2.870
10, heat, C, 1024, 55, 100000, 0.6, 3.019
200, heat, C, 1024, 55, 2000000, 0.6, 4.194
800, heat, C, 1024, 55, 8000000, 0.6, 35.164
1, heat, C, 1024, 60, 10000, 0.6, 3.079
5, heat, C, 1024, 60, 50000, 0.6, 3.041
10, heat, C, 1024, 60, 100000, 0.6, 3.359
200, heat, C, 1024, 60, 2000000, 0.6, 3.886
800, heat, C, 1024, 60, 8000000, 0.6, 24.881
1, heat, C, 1024, 65, 10000, 0.6, 12.352
5, heat, C, 1024, 65, 50000, 0.6, 3.203
10, heat, C, 1024, 65, 100000, 0.6, 3.440
200, heat, C, 1024, 65, 2000000, 0.6, 4.574
800, heat, C, 1024, 65, 8000000, 0.6, 34.774
1, heat, C, 1024, 70, 10000, 0.6, 2.933
5, heat, C, 1024, 70, 50000, 0.6, 3.027
10, heat, C, 1024, 70, 100000, 0.6, 2.871
200, heat, C, 1024, 70, 2000000, 0.6, 3.867
800, heat, C, 1024, 70, 8000000, 0.6, 33.387
1, heat, C, 1024, 75, 10000, 0.6, 2.862
5, heat, C, 1024, 75, 50000, 0.6, 2.794
10, heat, C, 1024, 75, 100000, 0.6, 3.240
200, heat, C, 1024, 75, 2000000, 0.6, 3.911
800, heat, C, 1024, 75, 8000000, 0.6, 35.161
1, heat, C, 1024, 80, 10000, 0.6, 3.356
5, heat, C, 1024, 80, 50000, 0.6, 2.916
10, heat, C, 1024, 80, 100000, 0.6, 2.950
200, heat, C, 1024, 80, 2000000, 0.6, 4.026
800, heat, C, 1024, 80, 8000000, 0.6, 33.874
1, heat, C, 1024, 85, 10000, 0.6, 3.359
5, heat, C, 1024, 85, 50000, 0.6, 3.035
10, heat, C, 1024, 85, 100000, 0.6, 3.139
200, heat, C, 1024, 85, 2000000, 0.6, 3.976
800, heat, C, 1024, 85, 8000000, 0.6, 32.339
1, heat, C, 1024, 90, 10000, 0.6, 2.950
5, heat, C, 1024, 90, 50000, 0.6, 2.961
10, heat, C, 1024, 90, 100000, 0.6, 2.999
200, heat, C, 1024, 90, 2000000, 0.6, 3.854
800, heat, C, 1024, 90, 8000000, 0.6, 34.232
1, heat, C, 1024, 95, 10000, 0.6, 3.039
5, heat, C, 1024, 95, 50000, 0.6, 3.033
10, heat, C, 1024, 95, 100000, 0.6, 2.985
200, heat, C, 1024, 95, 2000000, 0.6, 3.869
800, heat, C, 1024, 95, 8000000, 0.6, 32.951
1, heat, C, 1024, 100, 10000, 0.6, 3.079
5, heat, C, 1024, 100, 50000, 0.6, 3.020
10, heat, C, 1024, 100, 100000, 0.6, 2.920
200, heat, C, 1024, 100, 2000000, 0.6, 3.842
800, heat, C, 1024, 100, 8000000, 0.6, 38.264
