len, eq, sch, tpb, gpuA, nX, tf, tcost
1, euler, S, 64, 0, 10000, 0.06, 2.613
5, euler, S, 64, 0, 50000, 0.06, 3.880
10, euler, S, 64, 0, 100000, 0.06, 4.949
200, euler, S, 64, 0, 2000000, 0.06, 54.169
800, euler, S, 64, 0, 8000000, 0.06, 211.163
1, euler, S, 64, 5, 10000, 0.06, 2.774
5, euler, S, 64, 5, 50000, 0.06, 3.862
10, euler, S, 64, 5, 100000, 0.06, 6.535
200, euler, S, 64, 5, 2000000, 0.06, 55.319
800, euler, S, 64, 5, 8000000, 0.06, 213.818
1, euler, S, 64, 10, 10000, 0.06, 2.745
5, euler, S, 64, 10, 50000, 0.06, 22.478
10, euler, S, 64, 10, 100000, 0.06, 5.105
200, euler, S, 64, 10, 2000000, 0.06, 56.279
800, euler, S, 64, 10, 8000000, 0.06, 216.086
1, euler, S, 64, 15, 10000, 0.06, 4.384
5, euler, S, 64, 15, 50000, 0.06, 5.200
10, euler, S, 64, 15, 100000, 0.06, 7.166
200, euler, S, 64, 15, 2000000, 0.06, 61.614
800, euler, S, 64, 15, 8000000, 0.06, 223.756
1, euler, S, 64, 20, 10000, 0.06, 15.446
5, euler, S, 64, 20, 50000, 0.06, 7.606
10, euler, S, 64, 20, 100000, 0.06, 8.615
200, euler, S, 64, 20, 2000000, 0.06, 61.099
800, euler, S, 64, 20, 8000000, 0.06, 228.041
1, euler, S, 64, 25, 10000, 0.06, 22.003
5, euler, S, 64, 25, 50000, 0.06, 20.385
10, euler, S, 64, 25, 100000, 0.06, 26.585
200, euler, S, 64, 25, 2000000, 0.06, 80.638
800, euler, S, 64, 25, 8000000, 0.06, 240.161
1, euler, S, 64, 30, 10000, 0.06, 35.865
5, euler, S, 64, 30, 50000, 0.06, 37.437
10, euler, S, 64, 30, 100000, 0.06, 41.115
200, euler, S, 64, 30, 2000000, 0.06, 91.956
800, euler, S, 64, 30, 8000000, 0.06, 250.173
1, euler, S, 64, 35, 10000, 0.06, 44.262
5, euler, S, 64, 35, 50000, 0.06, 55.883
10, euler, S, 64, 35, 100000, 0.06, 50.728
200, euler, S, 64, 35, 2000000, 0.06, 97.549
800, euler, S, 64, 35, 8000000, 0.06, 257.960
1, euler, S, 64, 40, 10000, 0.06, 50.237
5, euler, S, 64, 40, 50000, 0.06, 49.719
10, euler, S, 64, 40, 100000, 0.06, 53.084
200, euler, S, 64, 40, 2000000, 0.06, 99.763
800, euler, S, 64, 40, 8000000, 0.06, 245.953
1, euler, S, 64, 45, 10000, 0.06, 49.494
5, euler, S, 64, 45, 50000, 0.06, 46.457
10, euler, S, 64, 45, 100000, 0.06, 42.739
200, euler, S, 64, 45, 2000000, 0.06, 95.573
800, euler, S, 64, 45, 8000000, 0.06, 212.311
1, euler, S, 64, 50, 10000, 0.06, 11.819
5, euler, S, 64, 50, 50000, 0.06, 16.065
10, euler, S, 64, 50, 100000, 0.06, 10.084
200, euler, S, 64, 50, 2000000, 0.06, 66.730
800, euler, S, 64, 50, 8000000, 0.06, 241.036
1, euler, S, 64, 55, 10000, 0.06, 37.026
5, euler, S, 64, 55, 50000, 0.06, 37.891
10, euler, S, 64, 55, 100000, 0.06, 33.513
200, euler, S, 64, 55, 2000000, 0.06, 83.262
800, euler, S, 64, 55, 8000000, 0.06, 210.330
1, euler, S, 64, 60, 10000, 0.06, 9.069
5, euler, S, 64, 60, 50000, 0.06, 6.024
10, euler, S, 64, 60, 100000, 0.06, 8.426
200, euler, S, 64, 60, 2000000, 0.06, 64.167
800, euler, S, 64, 60, 8000000, 0.06, 212.166
1, euler, S, 64, 65, 10000, 0.06, 6.874
5, euler, S, 64, 65, 50000, 0.06, 7.865
10, euler, S, 64, 65, 100000, 0.06, 6.896
200, euler, S, 64, 65, 2000000, 0.06, 57.851
800, euler, S, 64, 65, 8000000, 0.06, 219.622
1, euler, S, 64, 70, 10000, 0.06, 2.685
5, euler, S, 64, 70, 50000, 0.06, 3.886
10, euler, S, 64, 70, 100000, 0.06, 5.017
200, euler, S, 64, 70, 2000000, 0.06, 54.040
800, euler, S, 64, 70, 8000000, 0.06, 210.000
1, euler, S, 64, 75, 10000, 0.06, 2.896
5, euler, S, 64, 75, 50000, 0.06, 4.035
10, euler, S, 64, 75, 100000, 0.06, 5.141
200, euler, S, 64, 75, 2000000, 0.06, 54.489
800, euler, S, 64, 75, 8000000, 0.06, 210.150
1, euler, S, 64, 80, 10000, 0.06, 5.468
5, euler, S, 64, 80, 50000, 0.06, 3.998
10, euler, S, 64, 80, 100000, 0.06, 5.190
200, euler, S, 64, 80, 2000000, 0.06, 58.566
800, euler, S, 64, 80, 8000000, 0.06, 213.101
1, euler, S, 64, 85, 10000, 0.06, 7.065
5, euler, S, 64, 85, 50000, 0.06, 4.168
10, euler, S, 64, 85, 100000, 0.06, 5.149
200, euler, S, 64, 85, 2000000, 0.06, 54.321
800, euler, S, 64, 85, 8000000, 0.06, 213.119
1, euler, S, 64, 90, 10000, 0.06, 2.977
5, euler, S, 64, 90, 50000, 0.06, 3.879
10, euler, S, 64, 90, 100000, 0.06, 5.232
200, euler, S, 64, 90, 2000000, 0.06, 55.531
800, euler, S, 64, 90, 8000000, 0.06, 212.720
1, euler, S, 64, 95, 10000, 0.06, 2.681
5, euler, S, 64, 95, 50000, 0.06, 3.939
10, euler, S, 64, 95, 100000, 0.06, 5.122
200, euler, S, 64, 95, 2000000, 0.06, 55.065
800, euler, S, 64, 95, 8000000, 0.06, 213.347
1, euler, S, 64, 100, 10000, 0.06, 3.339
5, euler, S, 64, 100, 50000, 0.06, 4.439
10, euler, S, 64, 100, 100000, 0.06, 5.518
200, euler, S, 64, 100, 2000000, 0.06, 55.213
800, euler, S, 64, 100, 8000000, 0.06, 213.141
1, euler, S, 96, 0, 10000, 0.06, 2.708
5, euler, S, 96, 0, 50000, 0.06, 3.748
10, euler, S, 96, 0, 100000, 0.06, 4.924
200, euler, S, 96, 0, 2000000, 0.06, 54.681
800, euler, S, 96, 0, 8000000, 0.06, 212.495
1, euler, S, 96, 5, 10000, 0.06, 2.797
5, euler, S, 96, 5, 50000, 0.06, 3.914
10, euler, S, 96, 5, 100000, 0.06, 5.095
200, euler, S, 96, 5, 2000000, 0.06, 55.554
800, euler, S, 96, 5, 8000000, 0.06, 215.472
1, euler, S, 96, 10, 10000, 0.06, 3.100
5, euler, S, 96, 10, 50000, 0.06, 4.058
10, euler, S, 96, 10, 100000, 0.06, 4.958
200, euler, S, 96, 10, 2000000, 0.06, 54.924
800, euler, S, 96, 10, 8000000, 0.06, 212.784
1, euler, S, 96, 15, 10000, 0.06, 2.858
5, euler, S, 96, 15, 50000, 0.06, 4.005
10, euler, S, 96, 15, 100000, 0.06, 5.227
200, euler, S, 96, 15, 2000000, 0.06, 55.184
800, euler, S, 96, 15, 8000000, 0.06, 216.956
1, euler, S, 96, 20, 10000, 0.06, 3.020
5, euler, S, 96, 20, 50000, 0.06, 3.962
10, euler, S, 96, 20, 100000, 0.06, 5.056
200, euler, S, 96, 20, 2000000, 0.06, 55.582
800, euler, S, 96, 20, 8000000, 0.06, 212.116
1, euler, S, 96, 25, 10000, 0.06, 3.053
5, euler, S, 96, 25, 50000, 0.06, 4.158
10, euler, S, 96, 25, 100000, 0.06, 5.134
200, euler, S, 96, 25, 2000000, 0.06, 54.831
800, euler, S, 96, 25, 8000000, 0.06, 216.059
1, euler, S, 96, 30, 10000, 0.06, 2.944
5, euler, S, 96, 30, 50000, 0.06, 4.030
10, euler, S, 96, 30, 100000, 0.06, 5.183
200, euler, S, 96, 30, 2000000, 0.06, 54.774
800, euler, S, 96, 30, 8000000, 0.06, 211.687
1, euler, S, 96, 35, 10000, 0.06, 3.028
5, euler, S, 96, 35, 50000, 0.06, 3.952
10, euler, S, 96, 35, 100000, 0.06, 5.047
200, euler, S, 96, 35, 2000000, 0.06, 54.760
800, euler, S, 96, 35, 8000000, 0.06, 211.658
1, euler, S, 96, 40, 10000, 0.06, 3.085
5, euler, S, 96, 40, 50000, 0.06, 4.202
10, euler, S, 96, 40, 100000, 0.06, 5.075
200, euler, S, 96, 40, 2000000, 0.06, 58.516
800, euler, S, 96, 40, 8000000, 0.06, 211.883
1, euler, S, 96, 45, 10000, 0.06, 3.635
5, euler, S, 96, 45, 50000, 0.06, 4.207
10, euler, S, 96, 45, 100000, 0.06, 6.706
200, euler, S, 96, 45, 2000000, 0.06, 67.825
800, euler, S, 96, 45, 8000000, 0.06, 246.774
1, euler, S, 96, 50, 10000, 0.06, 10.466
5, euler, S, 96, 50, 50000, 0.06, 3.884
10, euler, S, 96, 50, 100000, 0.06, 5.215
200, euler, S, 96, 50, 2000000, 0.06, 55.328
800, euler, S, 96, 50, 8000000, 0.06, 213.769
1, euler, S, 96, 55, 10000, 0.06, 2.898
5, euler, S, 96, 55, 50000, 0.06, 4.124
10, euler, S, 96, 55, 100000, 0.06, 5.051
200, euler, S, 96, 55, 2000000, 0.06, 54.695
800, euler, S, 96, 55, 8000000, 0.06, 216.109
1, euler, S, 96, 60, 10000, 0.06, 3.123
5, euler, S, 96, 60, 50000, 0.06, 6.311
10, euler, S, 96, 60, 100000, 0.06, 5.554
200, euler, S, 96, 60, 2000000, 0.06, 54.725
800, euler, S, 96, 60, 8000000, 0.06, 227.575
1, euler, S, 96, 65, 10000, 0.06, 3.532
5, euler, S, 96, 65, 50000, 0.06, 4.006
10, euler, S, 96, 65, 100000, 0.06, 5.139
200, euler, S, 96, 65, 2000000, 0.06, 54.223
800, euler, S, 96, 65, 8000000, 0.06, 212.181
1, euler, S, 96, 70, 10000, 0.06, 3.100
5, euler, S, 96, 70, 50000, 0.06, 4.706
10, euler, S, 96, 70, 100000, 0.06, 5.355
200, euler, S, 96, 70, 2000000, 0.06, 55.629
800, euler, S, 96, 70, 8000000, 0.06, 212.230
1, euler, S, 96, 75, 10000, 0.06, 2.926
5, euler, S, 96, 75, 50000, 0.06, 4.101
10, euler, S, 96, 75, 100000, 0.06, 5.098
200, euler, S, 96, 75, 2000000, 0.06, 54.342
800, euler, S, 96, 75, 8000000, 0.06, 209.758
1, euler, S, 96, 80, 10000, 0.06, 2.856
5, euler, S, 96, 80, 50000, 0.06, 4.064
10, euler, S, 96, 80, 100000, 0.06, 5.074
200, euler, S, 96, 80, 2000000, 0.06, 54.413
800, euler, S, 96, 80, 8000000, 0.06, 209.939
1, euler, S, 96, 85, 10000, 0.06, 12.785
5, euler, S, 96, 85, 50000, 0.06, 3.982
10, euler, S, 96, 85, 100000, 0.06, 5.136
200, euler, S, 96, 85, 2000000, 0.06, 54.095
800, euler, S, 96, 85, 8000000, 0.06, 212.257
1, euler, S, 96, 90, 10000, 0.06, 3.166
5, euler, S, 96, 90, 50000, 0.06, 4.093
10, euler, S, 96, 90, 100000, 0.06, 5.023
200, euler, S, 96, 90, 2000000, 0.06, 54.324
800, euler, S, 96, 90, 8000000, 0.06, 212.637
1, euler, S, 96, 95, 10000, 0.06, 2.942
5, euler, S, 96, 95, 50000, 0.06, 4.238
10, euler, S, 96, 95, 100000, 0.06, 5.267
200, euler, S, 96, 95, 2000000, 0.06, 55.194
800, euler, S, 96, 95, 8000000, 0.06, 215.264
1, euler, S, 96, 100, 10000, 0.06, 4.615
5, euler, S, 96, 100, 50000, 0.06, 13.710
10, euler, S, 96, 100, 100000, 0.06, 6.203
200, euler, S, 96, 100, 2000000, 0.06, 71.229
800, euler, S, 96, 100, 8000000, 0.06, 225.654
1, euler, S, 128, 0, 10000, 0.06, 5.769
5, euler, S, 128, 0, 50000, 0.06, 8.735
10, euler, S, 128, 0, 100000, 0.06, 8.234
200, euler, S, 128, 0, 2000000, 0.06, 61.692
800, euler, S, 128, 0, 8000000, 0.06, 222.779
1, euler, S, 128, 5, 10000, 0.06, 26.417
5, euler, S, 128, 5, 50000, 0.06, 27.303
10, euler, S, 128, 5, 100000, 0.06, 26.782
200, euler, S, 128, 5, 2000000, 0.06, 79.308
800, euler, S, 128, 5, 8000000, 0.06, 235.796
1, euler, S, 128, 10, 10000, 0.06, 37.143
5, euler, S, 128, 10, 50000, 0.06, 33.114
10, euler, S, 128, 10, 100000, 0.06, 34.430
200, euler, S, 128, 10, 2000000, 0.06, 91.107
800, euler, S, 128, 10, 8000000, 0.06, 249.424
1, euler, S, 128, 15, 10000, 0.06, 37.038
5, euler, S, 128, 15, 50000, 0.06, 48.883
10, euler, S, 128, 15, 100000, 0.06, 55.043
200, euler, S, 128, 15, 2000000, 0.06, 105.572
800, euler, S, 128, 15, 8000000, 0.06, 263.177
1, euler, S, 128, 20, 10000, 0.06, 50.832
5, euler, S, 128, 20, 50000, 0.06, 60.749
10, euler, S, 128, 20, 100000, 0.06, 57.683
200, euler, S, 128, 20, 2000000, 0.06, 101.097
800, euler, S, 128, 20, 8000000, 0.06, 278.587
1, euler, S, 128, 25, 10000, 0.06, 52.480
5, euler, S, 128, 25, 50000, 0.06, 59.617
10, euler, S, 128, 25, 100000, 0.06, 60.191
200, euler, S, 128, 25, 2000000, 0.06, 98.414
800, euler, S, 128, 25, 8000000, 0.06, 271.556
1, euler, S, 128, 30, 10000, 0.06, 2.848
5, euler, S, 128, 30, 50000, 0.06, 4.144
10, euler, S, 128, 30, 100000, 0.06, 5.217
200, euler, S, 128, 30, 2000000, 0.06, 56.027
800, euler, S, 128, 30, 8000000, 0.06, 214.824
1, euler, S, 128, 35, 10000, 0.06, 37.929
5, euler, S, 128, 35, 50000, 0.06, 30.108
10, euler, S, 128, 35, 100000, 0.06, 37.312
200, euler, S, 128, 35, 2000000, 0.06, 87.386
800, euler, S, 128, 35, 8000000, 0.06, 245.293
1, euler, S, 128, 40, 10000, 0.06, 5.283
5, euler, S, 128, 40, 50000, 0.06, 6.472
10, euler, S, 128, 40, 100000, 0.06, 6.687
200, euler, S, 128, 40, 2000000, 0.06, 58.742
800, euler, S, 128, 40, 8000000, 0.06, 215.969
1, euler, S, 128, 45, 10000, 0.06, 8.593
5, euler, S, 128, 45, 50000, 0.06, 6.334
10, euler, S, 128, 45, 100000, 0.06, 7.547
200, euler, S, 128, 45, 2000000, 0.06, 58.245
800, euler, S, 128, 45, 8000000, 0.06, 222.423
1, euler, S, 128, 50, 10000, 0.06, 4.238
5, euler, S, 128, 50, 50000, 0.06, 9.581
10, euler, S, 128, 50, 100000, 0.06, 7.925
200, euler, S, 128, 50, 2000000, 0.06, 59.160
800, euler, S, 128, 50, 8000000, 0.06, 215.419
1, euler, S, 128, 55, 10000, 0.06, 3.098
5, euler, S, 128, 55, 50000, 0.06, 3.884
10, euler, S, 128, 55, 100000, 0.06, 5.432
200, euler, S, 128, 55, 2000000, 0.06, 54.701
800, euler, S, 128, 55, 8000000, 0.06, 216.854
1, euler, S, 128, 60, 10000, 0.06, 3.431
5, euler, S, 128, 60, 50000, 0.06, 5.263
10, euler, S, 128, 60, 100000, 0.06, 5.142
200, euler, S, 128, 60, 2000000, 0.06, 58.929
800, euler, S, 128, 60, 8000000, 0.06, 231.973
1, euler, S, 128, 65, 10000, 0.06, 3.358
5, euler, S, 128, 65, 50000, 0.06, 4.359
10, euler, S, 128, 65, 100000, 0.06, 6.748
200, euler, S, 128, 65, 2000000, 0.06, 59.581
800, euler, S, 128, 65, 8000000, 0.06, 219.401
1, euler, S, 128, 70, 10000, 0.06, 3.100
5, euler, S, 128, 70, 50000, 0.06, 3.855
10, euler, S, 128, 70, 100000, 0.06, 5.737
200, euler, S, 128, 70, 2000000, 0.06, 59.351
800, euler, S, 128, 70, 8000000, 0.06, 217.176
1, euler, S, 128, 75, 10000, 0.06, 2.886
5, euler, S, 128, 75, 50000, 0.06, 4.113
10, euler, S, 128, 75, 100000, 0.06, 5.208
200, euler, S, 128, 75, 2000000, 0.06, 54.560
800, euler, S, 128, 75, 8000000, 0.06, 209.297
1, euler, S, 128, 80, 10000, 0.06, 2.746
5, euler, S, 128, 80, 50000, 0.06, 3.924
10, euler, S, 128, 80, 100000, 0.06, 5.190
200, euler, S, 128, 80, 2000000, 0.06, 54.092
800, euler, S, 128, 80, 8000000, 0.06, 208.996
1, euler, S, 128, 85, 10000, 0.06, 2.706
5, euler, S, 128, 85, 50000, 0.06, 3.943
10, euler, S, 128, 85, 100000, 0.06, 5.248
200, euler, S, 128, 85, 2000000, 0.06, 54.125
800, euler, S, 128, 85, 8000000, 0.06, 213.119
1, euler, S, 128, 90, 10000, 0.06, 2.751
5, euler, S, 128, 90, 50000, 0.06, 3.832
10, euler, S, 128, 90, 100000, 0.06, 5.211
200, euler, S, 128, 90, 2000000, 0.06, 54.280
800, euler, S, 128, 90, 8000000, 0.06, 208.798
1, euler, S, 128, 95, 10000, 0.06, 2.751
5, euler, S, 128, 95, 50000, 0.06, 3.934
10, euler, S, 128, 95, 100000, 0.06, 5.084
200, euler, S, 128, 95, 2000000, 0.06, 53.971
800, euler, S, 128, 95, 8000000, 0.06, 209.234
1, euler, S, 128, 100, 10000, 0.06, 2.738
5, euler, S, 128, 100, 50000, 0.06, 3.921
10, euler, S, 128, 100, 100000, 0.06, 5.183
200, euler, S, 128, 100, 2000000, 0.06, 54.210
800, euler, S, 128, 100, 8000000, 0.06, 212.271
1, euler, S, 192, 0, 10000, 0.06, 2.657
5, euler, S, 192, 0, 50000, 0.06, 4.181
10, euler, S, 192, 0, 100000, 0.06, 4.992
200, euler, S, 192, 0, 2000000, 0.06, 53.610
800, euler, S, 192, 0, 8000000, 0.06, 209.545
1, euler, S, 192, 5, 10000, 0.06, 3.118
5, euler, S, 192, 5, 50000, 0.06, 4.201
10, euler, S, 192, 5, 100000, 0.06, 5.359
200, euler, S, 192, 5, 2000000, 0.06, 53.979
800, euler, S, 192, 5, 8000000, 0.06, 209.879
1, euler, S, 192, 10, 10000, 0.06, 2.870
5, euler, S, 192, 10, 50000, 0.06, 4.203
10, euler, S, 192, 10, 100000, 0.06, 5.143
200, euler, S, 192, 10, 2000000, 0.06, 53.932
800, euler, S, 192, 10, 8000000, 0.06, 210.029
1, euler, S, 192, 15, 10000, 0.06, 2.865
5, euler, S, 192, 15, 50000, 0.06, 4.200
10, euler, S, 192, 15, 100000, 0.06, 5.298
200, euler, S, 192, 15, 2000000, 0.06, 57.519
800, euler, S, 192, 15, 8000000, 0.06, 211.190
1, euler, S, 192, 20, 10000, 0.06, 2.977
5, euler, S, 192, 20, 50000, 0.06, 4.295
10, euler, S, 192, 20, 100000, 0.06, 5.305
200, euler, S, 192, 20, 2000000, 0.06, 53.856
800, euler, S, 192, 20, 8000000, 0.06, 209.899
1, euler, S, 192, 25, 10000, 0.06, 2.992
5, euler, S, 192, 25, 50000, 0.06, 4.339
10, euler, S, 192, 25, 100000, 0.06, 5.261
200, euler, S, 192, 25, 2000000, 0.06, 53.955
800, euler, S, 192, 25, 8000000, 0.06, 211.250
1, euler, S, 192, 30, 10000, 0.06, 3.319
5, euler, S, 192, 30, 50000, 0.06, 4.796
10, euler, S, 192, 30, 100000, 0.06, 5.281
200, euler, S, 192, 30, 2000000, 0.06, 56.423
800, euler, S, 192, 30, 8000000, 0.06, 209.832
1, euler, S, 192, 35, 10000, 0.06, 2.962
5, euler, S, 192, 35, 50000, 0.06, 4.239
10, euler, S, 192, 35, 100000, 0.06, 5.220
200, euler, S, 192, 35, 2000000, 0.06, 54.223
800, euler, S, 192, 35, 8000000, 0.06, 209.974
1, euler, S, 192, 40, 10000, 0.06, 2.921
5, euler, S, 192, 40, 50000, 0.06, 4.158
10, euler, S, 192, 40, 100000, 0.06, 5.300
200, euler, S, 192, 40, 2000000, 0.06, 53.935
800, euler, S, 192, 40, 8000000, 0.06, 209.612
1, euler, S, 192, 45, 10000, 0.06, 2.835
5, euler, S, 192, 45, 50000, 0.06, 4.171
10, euler, S, 192, 45, 100000, 0.06, 5.281
200, euler, S, 192, 45, 2000000, 0.06, 54.065
800, euler, S, 192, 45, 8000000, 0.06, 212.922
1, euler, S, 192, 50, 10000, 0.06, 2.916
5, euler, S, 192, 50, 50000, 0.06, 4.235
10, euler, S, 192, 50, 100000, 0.06, 5.236
200, euler, S, 192, 50, 2000000, 0.06, 54.240
800, euler, S, 192, 50, 8000000, 0.06, 209.638
1, euler, S, 192, 55, 10000, 0.06, 2.841
5, euler, S, 192, 55, 50000, 0.06, 4.292
10, euler, S, 192, 55, 100000, 0.06, 5.392
200, euler, S, 192, 55, 2000000, 0.06, 54.150
800, euler, S, 192, 55, 8000000, 0.06, 210.067
1, euler, S, 192, 60, 10000, 0.06, 2.858
5, euler, S, 192, 60, 50000, 0.06, 4.289
10, euler, S, 192, 60, 100000, 0.06, 5.319
200, euler, S, 192, 60, 2000000, 0.06, 54.108
800, euler, S, 192, 60, 8000000, 0.06, 212.620
1, euler, S, 192, 65, 10000, 0.06, 9.495
5, euler, S, 192, 65, 50000, 0.06, 4.315
10, euler, S, 192, 65, 100000, 0.06, 5.224
200, euler, S, 192, 65, 2000000, 0.06, 53.933
800, euler, S, 192, 65, 8000000, 0.06, 210.215
1, euler, S, 192, 70, 10000, 0.06, 2.987
5, euler, S, 192, 70, 50000, 0.06, 4.157
10, euler, S, 192, 70, 100000, 0.06, 5.232
200, euler, S, 192, 70, 2000000, 0.06, 58.724
800, euler, S, 192, 70, 8000000, 0.06, 209.989
1, euler, S, 192, 75, 10000, 0.06, 2.924
5, euler, S, 192, 75, 50000, 0.06, 4.294
10, euler, S, 192, 75, 100000, 0.06, 5.355
200, euler, S, 192, 75, 2000000, 0.06, 53.864
800, euler, S, 192, 75, 8000000, 0.06, 209.869
1, euler, S, 192, 80, 10000, 0.06, 2.984
5, euler, S, 192, 80, 50000, 0.06, 4.241
10, euler, S, 192, 80, 100000, 0.06, 7.091
200, euler, S, 192, 80, 2000000, 0.06, 57.823
800, euler, S, 192, 80, 8000000, 0.06, 209.999
1, euler, S, 192, 85, 10000, 0.06, 2.967
5, euler, S, 192, 85, 50000, 0.06, 4.211
10, euler, S, 192, 85, 100000, 0.06, 5.213
200, euler, S, 192, 85, 2000000, 0.06, 54.120
800, euler, S, 192, 85, 8000000, 0.06, 210.665
1, euler, S, 192, 90, 10000, 0.06, 3.083
5, euler, S, 192, 90, 50000, 0.06, 4.229
10, euler, S, 192, 90, 100000, 0.06, 5.291
200, euler, S, 192, 90, 2000000, 0.06, 54.210
800, euler, S, 192, 90, 8000000, 0.06, 241.620
1, euler, S, 192, 95, 10000, 0.06, 3.715
5, euler, S, 192, 95, 50000, 0.06, 5.027
10, euler, S, 192, 95, 100000, 0.06, 5.900
200, euler, S, 192, 95, 2000000, 0.06, 54.819
800, euler, S, 192, 95, 8000000, 0.06, 211.603
1, euler, S, 192, 100, 10000, 0.06, 8.121
5, euler, S, 192, 100, 50000, 0.06, 11.205
10, euler, S, 192, 100, 100000, 0.06, 10.051
200, euler, S, 192, 100, 2000000, 0.06, 62.495
800, euler, S, 192, 100, 8000000, 0.06, 241.024
1, euler, S, 256, 0, 10000, 0.06, 19.948
5, euler, S, 256, 0, 50000, 0.06, 23.358
10, euler, S, 256, 0, 100000, 0.06, 24.770
200, euler, S, 256, 0, 2000000, 0.06, 83.807
800, euler, S, 256, 0, 8000000, 0.06, 238.708
1, euler, S, 256, 5, 10000, 0.06, 38.656
5, euler, S, 256, 5, 50000, 0.06, 46.316
10, euler, S, 256, 5, 100000, 0.06, 45.962
200, euler, S, 256, 5, 2000000, 0.06, 118.394
800, euler, S, 256, 5, 8000000, 0.06, 252.882
1, euler, S, 256, 10, 10000, 0.06, 43.082
5, euler, S, 256, 10, 50000, 0.06, 46.008
10, euler, S, 256, 10, 100000, 0.06, 47.926
200, euler, S, 256, 10, 2000000, 0.06, 100.850
800, euler, S, 256, 10, 8000000, 0.06, 263.032
1, euler, S, 256, 15, 10000, 0.06, 43.269
5, euler, S, 256, 15, 50000, 0.06, 30.792
10, euler, S, 256, 15, 100000, 0.06, 35.357
200, euler, S, 256, 15, 2000000, 0.06, 96.476
800, euler, S, 256, 15, 8000000, 0.06, 248.545
1, euler, S, 256, 20, 10000, 0.06, 4.011
5, euler, S, 256, 20, 50000, 0.06, 4.343
10, euler, S, 256, 20, 100000, 0.06, 5.362
200, euler, S, 256, 20, 2000000, 0.06, 55.007
800, euler, S, 256, 20, 8000000, 0.06, 223.364
1, euler, S, 256, 25, 10000, 0.06, 17.174
5, euler, S, 256, 25, 50000, 0.06, 20.949
10, euler, S, 256, 25, 100000, 0.06, 26.450
200, euler, S, 256, 25, 2000000, 0.06, 76.055
800, euler, S, 256, 25, 8000000, 0.06, 234.580
1, euler, S, 256, 30, 10000, 0.06, 30.518
5, euler, S, 256, 30, 50000, 0.06, 31.692
10, euler, S, 256, 30, 100000, 0.06, 27.044
200, euler, S, 256, 30, 2000000, 0.06, 65.005
800, euler, S, 256, 30, 8000000, 0.06, 212.921
1, euler, S, 256, 35, 10000, 0.06, 7.834
5, euler, S, 256, 35, 50000, 0.06, 6.161
10, euler, S, 256, 35, 100000, 0.06, 7.303
200, euler, S, 256, 35, 2000000, 0.06, 57.910
800, euler, S, 256, 35, 8000000, 0.06, 213.158
1, euler, S, 256, 40, 10000, 0.06, 3.967
5, euler, S, 256, 40, 50000, 0.06, 4.259
10, euler, S, 256, 40, 100000, 0.06, 5.366
200, euler, S, 256, 40, 2000000, 0.06, 54.583
800, euler, S, 256, 40, 8000000, 0.06, 210.665
1, euler, S, 256, 45, 10000, 0.06, 3.144
5, euler, S, 256, 45, 50000, 0.06, 4.286
10, euler, S, 256, 45, 100000, 0.06, 5.083
200, euler, S, 256, 45, 2000000, 0.06, 54.433
800, euler, S, 256, 45, 8000000, 0.06, 211.460
1, euler, S, 256, 50, 10000, 0.06, 3.255
5, euler, S, 256, 50, 50000, 0.06, 4.376
10, euler, S, 256, 50, 100000, 0.06, 5.305
200, euler, S, 256, 50, 2000000, 0.06, 54.710
800, euler, S, 256, 50, 8000000, 0.06, 215.995
1, euler, S, 256, 55, 10000, 0.06, 3.572
5, euler, S, 256, 55, 50000, 0.06, 5.002
10, euler, S, 256, 55, 100000, 0.06, 5.732
200, euler, S, 256, 55, 2000000, 0.06, 58.435
800, euler, S, 256, 55, 8000000, 0.06, 211.581
1, euler, S, 256, 60, 10000, 0.06, 3.296
5, euler, S, 256, 60, 50000, 0.06, 4.277
10, euler, S, 256, 60, 100000, 0.06, 5.287
200, euler, S, 256, 60, 2000000, 0.06, 54.534
800, euler, S, 256, 60, 8000000, 0.06, 211.149
1, euler, S, 256, 65, 10000, 0.06, 3.208
5, euler, S, 256, 65, 50000, 0.06, 4.245
10, euler, S, 256, 65, 100000, 0.06, 5.298
200, euler, S, 256, 65, 2000000, 0.06, 54.551
800, euler, S, 256, 65, 8000000, 0.06, 213.449
1, euler, S, 256, 70, 10000, 0.06, 3.074
5, euler, S, 256, 70, 50000, 0.06, 4.220
10, euler, S, 256, 70, 100000, 0.06, 5.127
200, euler, S, 256, 70, 2000000, 0.06, 54.492
800, euler, S, 256, 70, 8000000, 0.06, 211.158
1, euler, S, 256, 75, 10000, 0.06, 3.063
5, euler, S, 256, 75, 50000, 0.06, 4.174
10, euler, S, 256, 75, 100000, 0.06, 5.174
200, euler, S, 256, 75, 2000000, 0.06, 54.341
800, euler, S, 256, 75, 8000000, 0.06, 211.314
1, euler, S, 256, 80, 10000, 0.06, 3.190
5, euler, S, 256, 80, 50000, 0.06, 4.162
10, euler, S, 256, 80, 100000, 0.06, 5.283
200, euler, S, 256, 80, 2000000, 0.06, 54.438
800, euler, S, 256, 80, 8000000, 0.06, 211.094
1, euler, S, 256, 85, 10000, 0.06, 3.012
5, euler, S, 256, 85, 50000, 0.06, 4.362
10, euler, S, 256, 85, 100000, 0.06, 5.257
200, euler, S, 256, 85, 2000000, 0.06, 57.431
800, euler, S, 256, 85, 8000000, 0.06, 212.161
1, euler, S, 256, 90, 10000, 0.06, 3.131
5, euler, S, 256, 90, 50000, 0.06, 4.358
10, euler, S, 256, 90, 100000, 0.06, 5.410
200, euler, S, 256, 90, 2000000, 0.06, 54.450
800, euler, S, 256, 90, 8000000, 0.06, 211.155
1, euler, S, 256, 95, 10000, 0.06, 3.329
5, euler, S, 256, 95, 50000, 0.06, 4.295
10, euler, S, 256, 95, 100000, 0.06, 5.288
200, euler, S, 256, 95, 2000000, 0.06, 54.370
800, euler, S, 256, 95, 8000000, 0.06, 213.129
1, euler, S, 256, 100, 10000, 0.06, 3.087
5, euler, S, 256, 100, 50000, 0.06, 4.287
10, euler, S, 256, 100, 100000, 0.06, 5.264
200, euler, S, 256, 100, 2000000, 0.06, 57.199
800, euler, S, 256, 100, 8000000, 0.06, 210.884
1, euler, S, 384, 0, 10000, 0.06, 3.195
5, euler, S, 384, 0, 50000, 0.06, 4.099
10, euler, S, 384, 0, 100000, 0.06, 5.734
200, euler, S, 384, 0, 2000000, 0.06, 53.686
800, euler, S, 384, 0, 8000000, 0.06, 209.771
1, euler, S, 384, 5, 10000, 0.06, 9.375
5, euler, S, 384, 5, 50000, 0.06, 4.321
10, euler, S, 384, 5, 100000, 0.06, 5.605
200, euler, S, 384, 5, 2000000, 0.06, 54.112
800, euler, S, 384, 5, 8000000, 0.06, 209.693
1, euler, S, 384, 10, 10000, 0.06, 3.434
5, euler, S, 384, 10, 50000, 0.06, 4.180
10, euler, S, 384, 10, 100000, 0.06, 5.572
200, euler, S, 384, 10, 2000000, 0.06, 54.155
800, euler, S, 384, 10, 8000000, 0.06, 212.147
1, euler, S, 384, 15, 10000, 0.06, 3.373
5, euler, S, 384, 15, 50000, 0.06, 4.217
10, euler, S, 384, 15, 100000, 0.06, 5.676
200, euler, S, 384, 15, 2000000, 0.06, 53.898
800, euler, S, 384, 15, 8000000, 0.06, 210.125
1, euler, S, 384, 20, 10000, 0.06, 3.365
5, euler, S, 384, 20, 50000, 0.06, 4.398
10, euler, S, 384, 20, 100000, 0.06, 5.669
200, euler, S, 384, 20, 2000000, 0.06, 53.982
800, euler, S, 384, 20, 8000000, 0.06, 209.930
1, euler, S, 384, 25, 10000, 0.06, 3.545
5, euler, S, 384, 25, 50000, 0.06, 4.244
10, euler, S, 384, 25, 100000, 0.06, 5.543
200, euler, S, 384, 25, 2000000, 0.06, 53.914
800, euler, S, 384, 25, 8000000, 0.06, 212.566
1, euler, S, 384, 30, 10000, 0.06, 3.453
5, euler, S, 384, 30, 50000, 0.06, 4.278
10, euler, S, 384, 30, 100000, 0.06, 5.667
200, euler, S, 384, 30, 2000000, 0.06, 54.129
800, euler, S, 384, 30, 8000000, 0.06, 209.955
1, euler, S, 384, 35, 10000, 0.06, 3.424
5, euler, S, 384, 35, 50000, 0.06, 4.310
10, euler, S, 384, 35, 100000, 0.06, 5.753
200, euler, S, 384, 35, 2000000, 0.06, 54.016
800, euler, S, 384, 35, 8000000, 0.06, 210.039
1, euler, S, 384, 40, 10000, 0.06, 3.479
5, euler, S, 384, 40, 50000, 0.06, 5.225
10, euler, S, 384, 40, 100000, 0.06, 5.696
200, euler, S, 384, 40, 2000000, 0.06, 53.946
800, euler, S, 384, 40, 8000000, 0.06, 210.631
1, euler, S, 384, 45, 10000, 0.06, 3.495
5, euler, S, 384, 45, 50000, 0.06, 4.609
10, euler, S, 384, 45, 100000, 0.06, 6.154
200, euler, S, 384, 45, 2000000, 0.06, 56.369
800, euler, S, 384, 45, 8000000, 0.06, 210.233
1, euler, S, 384, 50, 10000, 0.06, 3.377
5, euler, S, 384, 50, 50000, 0.06, 4.285
10, euler, S, 384, 50, 100000, 0.06, 5.639
200, euler, S, 384, 50, 2000000, 0.06, 54.027
800, euler, S, 384, 50, 8000000, 0.06, 210.288
1, euler, S, 384, 55, 10000, 0.06, 3.389
5, euler, S, 384, 55, 50000, 0.06, 4.353
10, euler, S, 384, 55, 100000, 0.06, 5.734
200, euler, S, 384, 55, 2000000, 0.06, 54.207
800, euler, S, 384, 55, 8000000, 0.06, 212.937
1, euler, S, 384, 60, 10000, 0.06, 3.537
5, euler, S, 384, 60, 50000, 0.06, 4.264
10, euler, S, 384, 60, 100000, 0.06, 5.878
200, euler, S, 384, 60, 2000000, 0.06, 54.170
800, euler, S, 384, 60, 8000000, 0.06, 209.664
1, euler, S, 384, 65, 10000, 0.06, 3.502
5, euler, S, 384, 65, 50000, 0.06, 4.428
10, euler, S, 384, 65, 100000, 0.06, 5.556
200, euler, S, 384, 65, 2000000, 0.06, 53.993
800, euler, S, 384, 65, 8000000, 0.06, 210.381
1, euler, S, 384, 70, 10000, 0.06, 3.485
5, euler, S, 384, 70, 50000, 0.06, 4.208
10, euler, S, 384, 70, 100000, 0.06, 5.817
200, euler, S, 384, 70, 2000000, 0.06, 53.749
800, euler, S, 384, 70, 8000000, 0.06, 209.721
1, euler, S, 384, 75, 10000, 0.06, 3.447
5, euler, S, 384, 75, 50000, 0.06, 4.205
10, euler, S, 384, 75, 100000, 0.06, 5.680
200, euler, S, 384, 75, 2000000, 0.06, 53.918
800, euler, S, 384, 75, 8000000, 0.06, 212.267
1, euler, S, 384, 80, 10000, 0.06, 3.479
5, euler, S, 384, 80, 50000, 0.06, 4.313
10, euler, S, 384, 80, 100000, 0.06, 5.541
200, euler, S, 384, 80, 2000000, 0.06, 53.980
800, euler, S, 384, 80, 8000000, 0.06, 209.881
1, euler, S, 384, 85, 10000, 0.06, 3.341
5, euler, S, 384, 85, 50000, 0.06, 4.339
10, euler, S, 384, 85, 100000, 0.06, 5.728
200, euler, S, 384, 85, 2000000, 0.06, 53.952
800, euler, S, 384, 85, 8000000, 0.06, 209.945
1, euler, S, 384, 90, 10000, 0.06, 29.253
5, euler, S, 384, 90, 50000, 0.06, 18.757
10, euler, S, 384, 90, 100000, 0.06, 13.347
200, euler, S, 384, 90, 2000000, 0.06, 105.243
800, euler, S, 384, 90, 8000000, 0.06, 220.874
1, euler, S, 384, 95, 10000, 0.06, 17.866
5, euler, S, 384, 95, 50000, 0.06, 4.709
10, euler, S, 384, 95, 100000, 0.06, 37.392
200, euler, S, 384, 95, 2000000, 0.06, 75.470
800, euler, S, 384, 95, 8000000, 0.06, 229.077
1, euler, S, 384, 100, 10000, 0.06, 24.433
5, euler, S, 384, 100, 50000, 0.06, 7.539
10, euler, S, 384, 100, 100000, 0.06, 14.133
200, euler, S, 384, 100, 2000000, 0.06, 58.008
800, euler, S, 384, 100, 8000000, 0.06, 217.105
1, euler, S, 512, 0, 10000, 0.06, 4.740
5, euler, S, 512, 0, 50000, 0.06, 7.553
10, euler, S, 512, 0, 100000, 0.06, 9.593
200, euler, S, 512, 0, 2000000, 0.06, 62.381
800, euler, S, 512, 0, 8000000, 0.06, 220.155
1, euler, S, 512, 5, 10000, 0.06, 22.160
5, euler, S, 512, 5, 50000, 0.06, 21.979
10, euler, S, 512, 5, 100000, 0.06, 29.570
200, euler, S, 512, 5, 2000000, 0.06, 79.019
800, euler, S, 512, 5, 8000000, 0.06, 243.620
1, euler, S, 512, 10, 10000, 0.06, 42.352
5, euler, S, 512, 10, 50000, 0.06, 38.663
10, euler, S, 512, 10, 100000, 0.06, 43.808
200, euler, S, 512, 10, 2000000, 0.06, 95.871
800, euler, S, 512, 10, 8000000, 0.06, 248.499
1, euler, S, 512, 15, 10000, 0.06, 44.134
5, euler, S, 512, 15, 50000, 0.06, 39.547
10, euler, S, 512, 15, 100000, 0.06, 51.846
200, euler, S, 512, 15, 2000000, 0.06, 106.065
800, euler, S, 512, 15, 8000000, 0.06, 246.906
1, euler, S, 512, 20, 10000, 0.06, 46.953
5, euler, S, 512, 20, 50000, 0.06, 45.376
10, euler, S, 512, 20, 100000, 0.06, 43.089
200, euler, S, 512, 20, 2000000, 0.06, 90.524
800, euler, S, 512, 20, 8000000, 0.06, 241.374
1, euler, S, 512, 25, 10000, 0.06, 29.656
5, euler, S, 512, 25, 50000, 0.06, 27.717
10, euler, S, 512, 25, 100000, 0.06, 19.120
200, euler, S, 512, 25, 2000000, 0.06, 62.418
800, euler, S, 512, 25, 8000000, 0.06, 214.001
1, euler, S, 512, 30, 10000, 0.06, 2.403
5, euler, S, 512, 30, 50000, 0.06, 3.685
10, euler, S, 512, 30, 100000, 0.06, 5.825
200, euler, S, 512, 30, 2000000, 0.06, 55.032
800, euler, S, 512, 30, 8000000, 0.06, 217.664
1, euler, S, 512, 35, 10000, 0.06, 25.315
5, euler, S, 512, 35, 50000, 0.06, 30.085
10, euler, S, 512, 35, 100000, 0.06, 31.289
200, euler, S, 512, 35, 2000000, 0.06, 83.557
800, euler, S, 512, 35, 8000000, 0.06, 246.224
1, euler, S, 512, 40, 10000, 0.06, 5.148
5, euler, S, 512, 40, 50000, 0.06, 9.536
10, euler, S, 512, 40, 100000, 0.06, 9.624
200, euler, S, 512, 40, 2000000, 0.06, 63.135
800, euler, S, 512, 40, 8000000, 0.06, 222.345
1, euler, S, 512, 45, 10000, 0.06, 7.521
5, euler, S, 512, 45, 50000, 0.06, 8.421
10, euler, S, 512, 45, 100000, 0.06, 10.603
200, euler, S, 512, 45, 2000000, 0.06, 61.706
800, euler, S, 512, 45, 8000000, 0.06, 292.387
1, euler, S, 512, 50, 10000, 0.06, 5.993
5, euler, S, 512, 50, 50000, 0.06, 6.611
10, euler, S, 512, 50, 100000, 0.06, 10.593
200, euler, S, 512, 50, 2000000, 0.06, 57.616
800, euler, S, 512, 50, 8000000, 0.06, 220.420
1, euler, S, 512, 55, 10000, 0.06, 2.272
5, euler, S, 512, 55, 50000, 0.06, 3.655
10, euler, S, 512, 55, 100000, 0.06, 5.672
200, euler, S, 512, 55, 2000000, 0.06, 54.996
800, euler, S, 512, 55, 8000000, 0.06, 216.416
1, euler, S, 512, 60, 10000, 0.06, 2.276
5, euler, S, 512, 60, 50000, 0.06, 3.683
10, euler, S, 512, 60, 100000, 0.06, 6.102
200, euler, S, 512, 60, 2000000, 0.06, 55.500
800, euler, S, 512, 60, 8000000, 0.06, 213.537
1, euler, S, 512, 65, 10000, 0.06, 2.287
5, euler, S, 512, 65, 50000, 0.06, 3.714
10, euler, S, 512, 65, 100000, 0.06, 5.616
200, euler, S, 512, 65, 2000000, 0.06, 55.101
800, euler, S, 512, 65, 8000000, 0.06, 213.512
1, euler, S, 512, 70, 10000, 0.06, 2.447
5, euler, S, 512, 70, 50000, 0.06, 3.767
10, euler, S, 512, 70, 100000, 0.06, 5.951
200, euler, S, 512, 70, 2000000, 0.06, 55.056
800, euler, S, 512, 70, 8000000, 0.06, 213.740
1, euler, S, 512, 75, 10000, 0.06, 2.475
5, euler, S, 512, 75, 50000, 0.06, 3.652
10, euler, S, 512, 75, 100000, 0.06, 5.806
200, euler, S, 512, 75, 2000000, 0.06, 55.287
800, euler, S, 512, 75, 8000000, 0.06, 215.784
1, euler, S, 512, 80, 10000, 0.06, 2.451
5, euler, S, 512, 80, 50000, 0.06, 3.701
10, euler, S, 512, 80, 100000, 0.06, 5.887
200, euler, S, 512, 80, 2000000, 0.06, 55.118
800, euler, S, 512, 80, 8000000, 0.06, 213.319
1, euler, S, 512, 85, 10000, 0.06, 2.421
5, euler, S, 512, 85, 50000, 0.06, 3.548
10, euler, S, 512, 85, 100000, 0.06, 5.824
200, euler, S, 512, 85, 2000000, 0.06, 55.311
800, euler, S, 512, 85, 8000000, 0.06, 213.791
1, euler, S, 512, 90, 10000, 0.06, 2.319
5, euler, S, 512, 90, 50000, 0.06, 3.759
10, euler, S, 512, 90, 100000, 0.06, 6.118
200, euler, S, 512, 90, 2000000, 0.06, 55.033
800, euler, S, 512, 90, 8000000, 0.06, 215.699
1, euler, S, 512, 95, 10000, 0.06, 2.471
5, euler, S, 512, 95, 50000, 0.06, 3.616
10, euler, S, 512, 95, 100000, 0.06, 5.871
200, euler, S, 512, 95, 2000000, 0.06, 55.007
800, euler, S, 512, 95, 8000000, 0.06, 213.828
1, euler, S, 512, 100, 10000, 0.06, 2.448
5, euler, S, 512, 100, 50000, 0.06, 3.758
10, euler, S, 512, 100, 100000, 0.06, 5.771
200, euler, S, 512, 100, 2000000, 0.06, 55.106
800, euler, S, 512, 100, 8000000, 0.06, 213.557
1, euler, S, 768, 0, 10000, 0.06, 2.209
5, euler, S, 768, 0, 50000, 0.06, 4.052
10, euler, S, 768, 0, 100000, 0.06, 5.576
200, euler, S, 768, 0, 2000000, 0.06, 55.363
800, euler, S, 768, 0, 8000000, 0.06, 214.527
1, euler, S, 768, 5, 10000, 0.06, 2.518
5, euler, S, 768, 5, 50000, 0.06, 4.466
10, euler, S, 768, 5, 100000, 0.06, 5.801
200, euler, S, 768, 5, 2000000, 0.06, 55.762
800, euler, S, 768, 5, 8000000, 0.06, 212.543
1, euler, S, 768, 10, 10000, 0.06, 2.339
5, euler, S, 768, 10, 50000, 0.06, 4.350
10, euler, S, 768, 10, 100000, 0.06, 5.694
200, euler, S, 768, 10, 2000000, 0.06, 55.515
800, euler, S, 768, 10, 8000000, 0.06, 212.808
1, euler, S, 768, 15, 10000, 0.06, 2.550
5, euler, S, 768, 15, 50000, 0.06, 4.408
10, euler, S, 768, 15, 100000, 0.06, 5.836
200, euler, S, 768, 15, 2000000, 0.06, 55.441
800, euler, S, 768, 15, 8000000, 0.06, 215.843
1, euler, S, 768, 20, 10000, 0.06, 2.531
5, euler, S, 768, 20, 50000, 0.06, 4.242
10, euler, S, 768, 20, 100000, 0.06, 5.914
200, euler, S, 768, 20, 2000000, 0.06, 55.523
800, euler, S, 768, 20, 8000000, 0.06, 212.228
1, euler, S, 768, 25, 10000, 0.06, 2.495
5, euler, S, 768, 25, 50000, 0.06, 4.285
10, euler, S, 768, 25, 100000, 0.06, 5.956
200, euler, S, 768, 25, 2000000, 0.06, 55.570
800, euler, S, 768, 25, 8000000, 0.06, 212.509
1, euler, S, 768, 30, 10000, 0.06, 2.331
5, euler, S, 768, 30, 50000, 0.06, 4.387
10, euler, S, 768, 30, 100000, 0.06, 5.930
200, euler, S, 768, 30, 2000000, 0.06, 55.680
800, euler, S, 768, 30, 8000000, 0.06, 212.489
1, euler, S, 768, 35, 10000, 0.06, 2.338
5, euler, S, 768, 35, 50000, 0.06, 4.374
10, euler, S, 768, 35, 100000, 0.06, 6.069
200, euler, S, 768, 35, 2000000, 0.06, 56.743
800, euler, S, 768, 35, 8000000, 0.06, 214.113
1, euler, S, 768, 40, 10000, 0.06, 2.479
5, euler, S, 768, 40, 50000, 0.06, 4.422
10, euler, S, 768, 40, 100000, 0.06, 5.854
200, euler, S, 768, 40, 2000000, 0.06, 55.563
800, euler, S, 768, 40, 8000000, 0.06, 212.608
1, euler, S, 768, 45, 10000, 0.06, 2.579
5, euler, S, 768, 45, 50000, 0.06, 4.382
10, euler, S, 768, 45, 100000, 0.06, 5.929
200, euler, S, 768, 45, 2000000, 0.06, 55.569
800, euler, S, 768, 45, 8000000, 0.06, 212.787
1, euler, S, 768, 50, 10000, 0.06, 2.607
5, euler, S, 768, 50, 50000, 0.06, 4.590
10, euler, S, 768, 50, 100000, 0.06, 5.949
200, euler, S, 768, 50, 2000000, 0.06, 57.503
800, euler, S, 768, 50, 8000000, 0.06, 212.313
1, euler, S, 768, 55, 10000, 0.06, 2.445
5, euler, S, 768, 55, 50000, 0.06, 4.368
10, euler, S, 768, 55, 100000, 0.06, 5.946
200, euler, S, 768, 55, 2000000, 0.06, 55.626
800, euler, S, 768, 55, 8000000, 0.06, 212.481
1, euler, S, 768, 60, 10000, 0.06, 2.341
5, euler, S, 768, 60, 50000, 0.06, 4.402
10, euler, S, 768, 60, 100000, 0.06, 5.795
200, euler, S, 768, 60, 2000000, 0.06, 55.479
800, euler, S, 768, 60, 8000000, 0.06, 212.360
1, euler, S, 768, 65, 10000, 0.06, 2.496
5, euler, S, 768, 65, 50000, 0.06, 4.520
10, euler, S, 768, 65, 100000, 0.06, 5.780
200, euler, S, 768, 65, 2000000, 0.06, 55.408
800, euler, S, 768, 65, 8000000, 0.06, 214.990
1, euler, S, 768, 70, 10000, 0.06, 2.471
5, euler, S, 768, 70, 50000, 0.06, 4.445
10, euler, S, 768, 70, 100000, 0.06, 5.859
200, euler, S, 768, 70, 2000000, 0.06, 55.473
800, euler, S, 768, 70, 8000000, 0.06, 212.280
1, euler, S, 768, 75, 10000, 0.06, 2.460
5, euler, S, 768, 75, 50000, 0.06, 4.497
10, euler, S, 768, 75, 100000, 0.06, 5.883
200, euler, S, 768, 75, 2000000, 0.06, 55.506
800, euler, S, 768, 75, 8000000, 0.06, 212.930
1, euler, S, 768, 80, 10000, 0.06, 2.497
5, euler, S, 768, 80, 50000, 0.06, 4.384
10, euler, S, 768, 80, 100000, 0.06, 6.126
200, euler, S, 768, 80, 2000000, 0.06, 56.280
800, euler, S, 768, 80, 8000000, 0.06, 214.279
1, euler, S, 768, 85, 10000, 0.06, 2.295
5, euler, S, 768, 85, 50000, 0.06, 4.197
10, euler, S, 768, 85, 100000, 0.06, 5.905
200, euler, S, 768, 85, 2000000, 0.06, 55.595
800, euler, S, 768, 85, 8000000, 0.06, 212.417
1, euler, S, 768, 90, 10000, 0.06, 2.523
5, euler, S, 768, 90, 50000, 0.06, 4.364
10, euler, S, 768, 90, 100000, 0.06, 5.891
200, euler, S, 768, 90, 2000000, 0.06, 55.749
800, euler, S, 768, 90, 8000000, 0.06, 212.298
1, euler, S, 768, 95, 10000, 0.06, 2.309
5, euler, S, 768, 95, 50000, 0.06, 4.426
10, euler, S, 768, 95, 100000, 0.06, 5.900
200, euler, S, 768, 95, 2000000, 0.06, 55.588
800, euler, S, 768, 95, 8000000, 0.06, 212.905
1, euler, S, 768, 100, 10000, 0.06, 2.465
5, euler, S, 768, 100, 50000, 0.06, 4.802
10, euler, S, 768, 100, 100000, 0.06, 6.226
200, euler, S, 768, 100, 2000000, 0.06, 56.855
800, euler, S, 768, 100, 8000000, 0.06, 212.546
1, euler, S, 1024, 0, 10000, 0.06, 2.117
5, euler, S, 1024, 0, 50000, 0.06, 4.756
10, euler, S, 1024, 0, 100000, 0.06, 4.721
200, euler, S, 1024, 0, 2000000, 0.06, 55.774
800, euler, S, 1024, 0, 8000000, 0.06, 213.032
1, euler, S, 1024, 5, 10000, 0.06, 2.355
5, euler, S, 1024, 5, 50000, 0.06, 4.900
10, euler, S, 1024, 5, 100000, 0.06, 4.833
200, euler, S, 1024, 5, 2000000, 0.06, 56.147
800, euler, S, 1024, 5, 8000000, 0.06, 215.953
1, euler, S, 1024, 10, 10000, 0.06, 2.332
5, euler, S, 1024, 10, 50000, 0.06, 4.962
10, euler, S, 1024, 10, 100000, 0.06, 4.704
200, euler, S, 1024, 10, 2000000, 0.06, 56.134
800, euler, S, 1024, 10, 8000000, 0.06, 213.720
1, euler, S, 1024, 15, 10000, 0.06, 2.255
5, euler, S, 1024, 15, 50000, 0.06, 4.902
10, euler, S, 1024, 15, 100000, 0.06, 4.812
200, euler, S, 1024, 15, 2000000, 0.06, 55.988
800, euler, S, 1024, 15, 8000000, 0.06, 213.336
1, euler, S, 1024, 20, 10000, 0.06, 2.573
5, euler, S, 1024, 20, 50000, 0.06, 4.983
10, euler, S, 1024, 20, 100000, 0.06, 4.800
200, euler, S, 1024, 20, 2000000, 0.06, 56.513
800, euler, S, 1024, 20, 8000000, 0.06, 213.408
1, euler, S, 1024, 25, 10000, 0.06, 2.272
5, euler, S, 1024, 25, 50000, 0.06, 5.093
10, euler, S, 1024, 25, 100000, 0.06, 4.736
200, euler, S, 1024, 25, 2000000, 0.06, 56.215
800, euler, S, 1024, 25, 8000000, 0.06, 215.285
1, euler, S, 1024, 30, 10000, 0.06, 2.298
5, euler, S, 1024, 30, 50000, 0.06, 4.967
10, euler, S, 1024, 30, 100000, 0.06, 4.782
200, euler, S, 1024, 30, 2000000, 0.06, 55.915
800, euler, S, 1024, 30, 8000000, 0.06, 213.528
1, euler, S, 1024, 35, 10000, 0.06, 2.388
5, euler, S, 1024, 35, 50000, 0.06, 4.882
10, euler, S, 1024, 35, 100000, 0.06, 4.753
200, euler, S, 1024, 35, 2000000, 0.06, 56.837
800, euler, S, 1024, 35, 8000000, 0.06, 213.838
1, euler, S, 1024, 40, 10000, 0.06, 2.384
5, euler, S, 1024, 40, 50000, 0.06, 4.851
10, euler, S, 1024, 40, 100000, 0.06, 4.776
200, euler, S, 1024, 40, 2000000, 0.06, 57.709
800, euler, S, 1024, 40, 8000000, 0.06, 214.402
1, euler, S, 1024, 45, 10000, 0.06, 2.336
5, euler, S, 1024, 45, 50000, 0.06, 4.948
10, euler, S, 1024, 45, 100000, 0.06, 4.915
200, euler, S, 1024, 45, 2000000, 0.06, 56.286
800, euler, S, 1024, 45, 8000000, 0.06, 212.969
1, euler, S, 1024, 50, 10000, 0.06, 2.307
5, euler, S, 1024, 50, 50000, 0.06, 4.937
10, euler, S, 1024, 50, 100000, 0.06, 4.721
200, euler, S, 1024, 50, 2000000, 0.06, 56.074
800, euler, S, 1024, 50, 8000000, 0.06, 213.330
1, euler, S, 1024, 55, 10000, 0.06, 2.165
5, euler, S, 1024, 55, 50000, 0.06, 4.776
10, euler, S, 1024, 55, 100000, 0.06, 4.677
200, euler, S, 1024, 55, 2000000, 0.06, 56.102
800, euler, S, 1024, 55, 8000000, 0.06, 216.160
1, euler, S, 1024, 60, 10000, 0.06, 2.337
5, euler, S, 1024, 60, 50000, 0.06, 5.041
10, euler, S, 1024, 60, 100000, 0.06, 5.033
200, euler, S, 1024, 60, 2000000, 0.06, 56.032
800, euler, S, 1024, 60, 8000000, 0.06, 213.383
1, euler, S, 1024, 65, 10000, 0.06, 2.262
5, euler, S, 1024, 65, 50000, 0.06, 5.006
10, euler, S, 1024, 65, 100000, 0.06, 4.817
200, euler, S, 1024, 65, 2000000, 0.06, 55.963
800, euler, S, 1024, 65, 8000000, 0.06, 218.804
1, euler, S, 1024, 70, 10000, 0.06, 3.171
5, euler, S, 1024, 70, 50000, 0.06, 7.813
10, euler, S, 1024, 70, 100000, 0.06, 4.827
200, euler, S, 1024, 70, 2000000, 0.06, 60.283
800, euler, S, 1024, 70, 8000000, 0.06, 223.566
1, euler, S, 1024, 75, 10000, 0.06, 2.291
5, euler, S, 1024, 75, 50000, 0.06, 4.826
10, euler, S, 1024, 75, 100000, 0.06, 4.834
200, euler, S, 1024, 75, 2000000, 0.06, 62.777
800, euler, S, 1024, 75, 8000000, 0.06, 224.670
1, euler, S, 1024, 80, 10000, 0.06, 2.897
5, euler, S, 1024, 80, 50000, 0.06, 6.302
10, euler, S, 1024, 80, 100000, 0.06, 5.370
200, euler, S, 1024, 80, 2000000, 0.06, 61.906
800, euler, S, 1024, 80, 8000000, 0.06, 232.034
1, euler, S, 1024, 85, 10000, 0.06, 3.153
5, euler, S, 1024, 85, 50000, 0.06, 5.747
10, euler, S, 1024, 85, 100000, 0.06, 6.101
200, euler, S, 1024, 85, 2000000, 0.06, 62.540
800, euler, S, 1024, 85, 8000000, 0.06, 233.058
1, euler, S, 1024, 90, 10000, 0.06, 3.046
5, euler, S, 1024, 90, 50000, 0.06, 6.108
10, euler, S, 1024, 90, 100000, 0.06, 5.716
200, euler, S, 1024, 90, 2000000, 0.06, 64.015
800, euler, S, 1024, 90, 8000000, 0.06, 233.396
1, euler, S, 1024, 95, 10000, 0.06, 3.433
5, euler, S, 1024, 95, 50000, 0.06, 5.557
10, euler, S, 1024, 95, 100000, 0.06, 5.192
200, euler, S, 1024, 95, 2000000, 0.06, 62.200
800, euler, S, 1024, 95, 8000000, 0.06, 222.172
1, euler, S, 1024, 100, 10000, 0.06, 2.688
5, euler, S, 1024, 100, 50000, 0.06, 5.451
10, euler, S, 1024, 100, 100000, 0.06, 5.644
200, euler, S, 1024, 100, 2000000, 0.06, 64.234
800, euler, S, 1024, 100, 8000000, 0.06, 238.102
