len, eq, sch, tpb, gpuA, nX, tf, tcost
1, euler, C, 64, 0, 10000, 0.06, 14.083
5, euler, C, 64, 0, 50000, 0.06, 5.401
10, euler, C, 64, 0, 100000, 0.06, 19.108
200, euler, C, 64, 0, 2000000, 0.06, 105.081
800, euler, C, 64, 0, 8000000, 0.06, 508.249
1, euler, C, 64, 5, 10000, 0.06, 4.732
5, euler, C, 64, 5, 50000, 0.06, 5.924
10, euler, C, 64, 5, 100000, 0.06, 7.076
200, euler, C, 64, 5, 2000000, 0.06, 65.351
800, euler, C, 64, 5, 8000000, 0.06, 496.953
1, euler, C, 64, 10, 10000, 0.06, 13.292
5, euler, C, 64, 10, 50000, 0.06, 10.257
10, euler, C, 64, 10, 100000, 0.06, 17.240
200, euler, C, 64, 10, 2000000, 0.06, 105.750
800, euler, C, 64, 10, 8000000, 0.06, 525.514
1, euler, C, 64, 15, 10000, 0.06, 8.100
5, euler, C, 64, 15, 50000, 0.06, 14.594
10, euler, C, 64, 15, 100000, 0.06, 12.464
200, euler, C, 64, 15, 2000000, 0.06, 94.590
800, euler, C, 64, 15, 8000000, 0.06, 507.298
1, euler, C, 64, 20, 10000, 0.06, 11.555
5, euler, C, 64, 20, 50000, 0.06, 9.337
10, euler, C, 64, 20, 100000, 0.06, 14.844
200, euler, C, 64, 20, 2000000, 0.06, 100.124
800, euler, C, 64, 20, 8000000, 0.06, 484.386
1, euler, C, 64, 25, 10000, 0.06, 5.420
5, euler, C, 64, 25, 50000, 0.06, 6.176
10, euler, C, 64, 25, 100000, 0.06, 6.808
200, euler, C, 64, 25, 2000000, 0.06, 66.197
800, euler, C, 64, 25, 8000000, 0.06, 476.226
1, euler, C, 64, 30, 10000, 0.06, 4.126
5, euler, C, 64, 30, 50000, 0.06, 5.677
10, euler, C, 64, 30, 100000, 0.06, 6.801
200, euler, C, 64, 30, 2000000, 0.06, 60.470
800, euler, C, 64, 30, 8000000, 0.06, 411.291
1, euler, C, 64, 35, 10000, 0.06, 4.374
5, euler, C, 64, 35, 50000, 0.06, 5.718
10, euler, C, 64, 35, 100000, 0.06, 6.900
200, euler, C, 64, 35, 2000000, 0.06, 65.804
800, euler, C, 64, 35, 8000000, 0.06, 435.514
1, euler, C, 64, 40, 10000, 0.06, 4.312
5, euler, C, 64, 40, 50000, 0.06, 5.273
10, euler, C, 64, 40, 100000, 0.06, 6.628
200, euler, C, 64, 40, 2000000, 0.06, 59.151
800, euler, C, 64, 40, 8000000, 0.06, 412.996
1, euler, C, 64, 45, 10000, 0.06, 16.343
5, euler, C, 64, 45, 50000, 0.06, 6.202
10, euler, C, 64, 45, 100000, 0.06, 7.094
200, euler, C, 64, 45, 2000000, 0.06, 62.216
800, euler, C, 64, 45, 8000000, 0.06, 410.383
1, euler, C, 64, 50, 10000, 0.06, 4.348
5, euler, C, 64, 50, 50000, 0.06, 5.555
10, euler, C, 64, 50, 100000, 0.06, 6.670
200, euler, C, 64, 50, 2000000, 0.06, 61.520
800, euler, C, 64, 50, 8000000, 0.06, 410.524
1, euler, C, 64, 55, 10000, 0.06, 5.361
5, euler, C, 64, 55, 50000, 0.06, 19.562
10, euler, C, 64, 55, 100000, 0.06, 7.830
200, euler, C, 64, 55, 2000000, 0.06, 60.762
800, euler, C, 64, 55, 8000000, 0.06, 409.621
1, euler, C, 64, 60, 10000, 0.06, 4.445
5, euler, C, 64, 60, 50000, 0.06, 5.231
10, euler, C, 64, 60, 100000, 0.06, 7.561
200, euler, C, 64, 60, 2000000, 0.06, 60.214
800, euler, C, 64, 60, 8000000, 0.06, 419.453
1, euler, C, 64, 65, 10000, 0.06, 4.464
5, euler, C, 64, 65, 50000, 0.06, 5.140
10, euler, C, 64, 65, 100000, 0.06, 6.829
200, euler, C, 64, 65, 2000000, 0.06, 61.894
800, euler, C, 64, 65, 8000000, 0.06, 411.009
1, euler, C, 64, 70, 10000, 0.06, 4.167
5, euler, C, 64, 70, 50000, 0.06, 5.649
10, euler, C, 64, 70, 100000, 0.06, 6.628
200, euler, C, 64, 70, 2000000, 0.06, 60.418
800, euler, C, 64, 70, 8000000, 0.06, 425.475
1, euler, C, 64, 75, 10000, 0.06, 4.303
5, euler, C, 64, 75, 50000, 0.06, 5.615
10, euler, C, 64, 75, 100000, 0.06, 6.960
200, euler, C, 64, 75, 2000000, 0.06, 61.410
800, euler, C, 64, 75, 8000000, 0.06, 411.242
1, euler, C, 64, 80, 10000, 0.06, 4.107
5, euler, C, 64, 80, 50000, 0.06, 5.261
10, euler, C, 64, 80, 100000, 0.06, 7.066
200, euler, C, 64, 80, 2000000, 0.06, 61.255
800, euler, C, 64, 80, 8000000, 0.06, 415.402
1, euler, C, 64, 85, 10000, 0.06, 4.277
5, euler, C, 64, 85, 50000, 0.06, 5.332
10, euler, C, 64, 85, 100000, 0.06, 6.856
200, euler, C, 64, 85, 2000000, 0.06, 64.066
800, euler, C, 64, 85, 8000000, 0.06, 424.908
1, euler, C, 64, 90, 10000, 0.06, 4.402
5, euler, C, 64, 90, 50000, 0.06, 5.455
10, euler, C, 64, 90, 100000, 0.06, 6.777
200, euler, C, 64, 90, 2000000, 0.06, 65.647
800, euler, C, 64, 90, 8000000, 0.06, 414.716
1, euler, C, 64, 95, 10000, 0.06, 3.989
5, euler, C, 64, 95, 50000, 0.06, 5.410
10, euler, C, 64, 95, 100000, 0.06, 6.557
200, euler, C, 64, 95, 2000000, 0.06, 61.055
800, euler, C, 64, 95, 8000000, 0.06, 417.640
1, euler, C, 64, 100, 10000, 0.06, 4.358
5, euler, C, 64, 100, 50000, 0.06, 5.473
10, euler, C, 64, 100, 100000, 0.06, 6.722
200, euler, C, 64, 100, 2000000, 0.06, 60.831
800, euler, C, 64, 100, 8000000, 0.06, 410.731
1, euler, C, 96, 0, 10000, 0.06, 4.028
5, euler, C, 96, 0, 50000, 0.06, 5.014
10, euler, C, 96, 0, 100000, 0.06, 6.534
200, euler, C, 96, 0, 2000000, 0.06, 61.525
800, euler, C, 96, 0, 8000000, 0.06, 416.052
1, euler, C, 96, 5, 10000, 0.06, 5.002
5, euler, C, 96, 5, 50000, 0.06, 5.776
10, euler, C, 96, 5, 100000, 0.06, 6.671
200, euler, C, 96, 5, 2000000, 0.06, 59.400
800, euler, C, 96, 5, 8000000, 0.06, 412.907
1, euler, C, 96, 10, 10000, 0.06, 4.656
5, euler, C, 96, 10, 50000, 0.06, 5.326
10, euler, C, 96, 10, 100000, 0.06, 6.843
200, euler, C, 96, 10, 2000000, 0.06, 62.442
800, euler, C, 96, 10, 8000000, 0.06, 421.370
1, euler, C, 96, 15, 10000, 0.06, 4.379
5, euler, C, 96, 15, 50000, 0.06, 5.249
10, euler, C, 96, 15, 100000, 0.06, 6.849
200, euler, C, 96, 15, 2000000, 0.06, 61.636
800, euler, C, 96, 15, 8000000, 0.06, 410.013
1, euler, C, 96, 20, 10000, 0.06, 4.227
5, euler, C, 96, 20, 50000, 0.06, 5.408
10, euler, C, 96, 20, 100000, 0.06, 6.603
200, euler, C, 96, 20, 2000000, 0.06, 61.859
800, euler, C, 96, 20, 8000000, 0.06, 419.699
1, euler, C, 96, 25, 10000, 0.06, 4.515
5, euler, C, 96, 25, 50000, 0.06, 5.793
10, euler, C, 96, 25, 100000, 0.06, 6.601
200, euler, C, 96, 25, 2000000, 0.06, 61.468
800, euler, C, 96, 25, 8000000, 0.06, 410.309
1, euler, C, 96, 30, 10000, 0.06, 4.455
5, euler, C, 96, 30, 50000, 0.06, 5.691
10, euler, C, 96, 30, 100000, 0.06, 7.655
200, euler, C, 96, 30, 2000000, 0.06, 66.264
800, euler, C, 96, 30, 8000000, 0.06, 412.880
1, euler, C, 96, 35, 10000, 0.06, 4.448
5, euler, C, 96, 35, 50000, 0.06, 5.128
10, euler, C, 96, 35, 100000, 0.06, 6.756
200, euler, C, 96, 35, 2000000, 0.06, 62.202
800, euler, C, 96, 35, 8000000, 0.06, 409.808
1, euler, C, 96, 40, 10000, 0.06, 4.537
5, euler, C, 96, 40, 50000, 0.06, 5.431
10, euler, C, 96, 40, 100000, 0.06, 6.508
200, euler, C, 96, 40, 2000000, 0.06, 60.931
800, euler, C, 96, 40, 8000000, 0.06, 418.077
1, euler, C, 96, 45, 10000, 0.06, 4.327
5, euler, C, 96, 45, 50000, 0.06, 5.912
10, euler, C, 96, 45, 100000, 0.06, 6.662
200, euler, C, 96, 45, 2000000, 0.06, 60.477
800, euler, C, 96, 45, 8000000, 0.06, 414.488
1, euler, C, 96, 50, 10000, 0.06, 4.514
5, euler, C, 96, 50, 50000, 0.06, 5.347
10, euler, C, 96, 50, 100000, 0.06, 6.939
200, euler, C, 96, 50, 2000000, 0.06, 63.062
800, euler, C, 96, 50, 8000000, 0.06, 410.654
1, euler, C, 96, 55, 10000, 0.06, 4.194
5, euler, C, 96, 55, 50000, 0.06, 5.430
10, euler, C, 96, 55, 100000, 0.06, 6.717
200, euler, C, 96, 55, 2000000, 0.06, 61.087
800, euler, C, 96, 55, 8000000, 0.06, 416.028
1, euler, C, 96, 60, 10000, 0.06, 4.344
5, euler, C, 96, 60, 50000, 0.06, 5.545
10, euler, C, 96, 60, 100000, 0.06, 6.615
200, euler, C, 96, 60, 2000000, 0.06, 63.708
800, euler, C, 96, 60, 8000000, 0.06, 413.064
1, euler, C, 96, 65, 10000, 0.06, 4.565
5, euler, C, 96, 65, 50000, 0.06, 5.094
10, euler, C, 96, 65, 100000, 0.06, 7.128
200, euler, C, 96, 65, 2000000, 0.06, 59.831
800, euler, C, 96, 65, 8000000, 0.06, 426.557
1, euler, C, 96, 70, 10000, 0.06, 4.343
5, euler, C, 96, 70, 50000, 0.06, 5.201
10, euler, C, 96, 70, 100000, 0.06, 6.890
200, euler, C, 96, 70, 2000000, 0.06, 60.219
800, euler, C, 96, 70, 8000000, 0.06, 410.363
1, euler, C, 96, 75, 10000, 0.06, 4.407
5, euler, C, 96, 75, 50000, 0.06, 5.250
10, euler, C, 96, 75, 100000, 0.06, 6.463
200, euler, C, 96, 75, 2000000, 0.06, 62.705
800, euler, C, 96, 75, 8000000, 0.06, 417.662
1, euler, C, 96, 80, 10000, 0.06, 4.337
5, euler, C, 96, 80, 50000, 0.06, 5.580
10, euler, C, 96, 80, 100000, 0.06, 6.929
200, euler, C, 96, 80, 2000000, 0.06, 60.633
800, euler, C, 96, 80, 8000000, 0.06, 410.665
1, euler, C, 96, 85, 10000, 0.06, 4.561
5, euler, C, 96, 85, 50000, 0.06, 5.548
10, euler, C, 96, 85, 100000, 0.06, 6.503
200, euler, C, 96, 85, 2000000, 0.06, 70.189
800, euler, C, 96, 85, 8000000, 0.06, 411.767
1, euler, C, 96, 90, 10000, 0.06, 4.536
5, euler, C, 96, 90, 50000, 0.06, 5.383
10, euler, C, 96, 90, 100000, 0.06, 6.710
200, euler, C, 96, 90, 2000000, 0.06, 64.359
800, euler, C, 96, 90, 8000000, 0.06, 411.584
1, euler, C, 96, 95, 10000, 0.06, 4.363
5, euler, C, 96, 95, 50000, 0.06, 5.484
10, euler, C, 96, 95, 100000, 0.06, 6.565
200, euler, C, 96, 95, 2000000, 0.06, 71.333
800, euler, C, 96, 95, 8000000, 0.06, 411.516
1, euler, C, 96, 100, 10000, 0.06, 4.603
5, euler, C, 96, 100, 50000, 0.06, 5.554
10, euler, C, 96, 100, 100000, 0.06, 6.907
200, euler, C, 96, 100, 2000000, 0.06, 61.673
800, euler, C, 96, 100, 8000000, 0.06, 422.547
1, euler, C, 128, 0, 10000, 0.06, 3.857
5, euler, C, 128, 0, 50000, 0.06, 5.243
10, euler, C, 128, 0, 100000, 0.06, 6.537
200, euler, C, 128, 0, 2000000, 0.06, 61.868
800, euler, C, 128, 0, 8000000, 0.06, 410.309
1, euler, C, 128, 5, 10000, 0.06, 4.256
5, euler, C, 128, 5, 50000, 0.06, 5.142
10, euler, C, 128, 5, 100000, 0.06, 6.442
200, euler, C, 128, 5, 2000000, 0.06, 61.590
800, euler, C, 128, 5, 8000000, 0.06, 419.019
1, euler, C, 128, 10, 10000, 0.06, 4.782
5, euler, C, 128, 10, 50000, 0.06, 5.159
10, euler, C, 128, 10, 100000, 0.06, 6.653
200, euler, C, 128, 10, 2000000, 0.06, 60.165
800, euler, C, 128, 10, 8000000, 0.06, 409.916
1, euler, C, 128, 15, 10000, 0.06, 4.032
5, euler, C, 128, 15, 50000, 0.06, 5.755
10, euler, C, 128, 15, 100000, 0.06, 6.632
200, euler, C, 128, 15, 2000000, 0.06, 60.174
800, euler, C, 128, 15, 8000000, 0.06, 423.500
1, euler, C, 128, 20, 10000, 0.06, 4.232
5, euler, C, 128, 20, 50000, 0.06, 5.179
10, euler, C, 128, 20, 100000, 0.06, 6.884
200, euler, C, 128, 20, 2000000, 0.06, 61.212
800, euler, C, 128, 20, 8000000, 0.06, 418.810
1, euler, C, 128, 25, 10000, 0.06, 4.257
5, euler, C, 128, 25, 50000, 0.06, 5.459
10, euler, C, 128, 25, 100000, 0.06, 7.005
200, euler, C, 128, 25, 2000000, 0.06, 63.132
800, euler, C, 128, 25, 8000000, 0.06, 419.837
1, euler, C, 128, 30, 10000, 0.06, 4.446
5, euler, C, 128, 30, 50000, 0.06, 5.770
10, euler, C, 128, 30, 100000, 0.06, 6.691
200, euler, C, 128, 30, 2000000, 0.06, 61.559
800, euler, C, 128, 30, 8000000, 0.06, 413.923
1, euler, C, 128, 35, 10000, 0.06, 4.442
5, euler, C, 128, 35, 50000, 0.06, 5.391
10, euler, C, 128, 35, 100000, 0.06, 18.254
200, euler, C, 128, 35, 2000000, 0.06, 63.002
800, euler, C, 128, 35, 8000000, 0.06, 410.428
1, euler, C, 128, 40, 10000, 0.06, 4.286
5, euler, C, 128, 40, 50000, 0.06, 5.281
10, euler, C, 128, 40, 100000, 0.06, 6.570
200, euler, C, 128, 40, 2000000, 0.06, 61.342
800, euler, C, 128, 40, 8000000, 0.06, 410.891
1, euler, C, 128, 45, 10000, 0.06, 4.264
5, euler, C, 128, 45, 50000, 0.06, 8.400
10, euler, C, 128, 45, 100000, 0.06, 7.451
200, euler, C, 128, 45, 2000000, 0.06, 72.685
800, euler, C, 128, 45, 8000000, 0.06, 409.896
1, euler, C, 128, 50, 10000, 0.06, 4.280
5, euler, C, 128, 50, 50000, 0.06, 5.259
10, euler, C, 128, 50, 100000, 0.06, 6.920
200, euler, C, 128, 50, 2000000, 0.06, 63.150
800, euler, C, 128, 50, 8000000, 0.06, 420.061
1, euler, C, 128, 55, 10000, 0.06, 4.116
5, euler, C, 128, 55, 50000, 0.06, 5.274
10, euler, C, 128, 55, 100000, 0.06, 6.884
200, euler, C, 128, 55, 2000000, 0.06, 61.130
800, euler, C, 128, 55, 8000000, 0.06, 410.172
1, euler, C, 128, 60, 10000, 0.06, 4.151
5, euler, C, 128, 60, 50000, 0.06, 5.503
10, euler, C, 128, 60, 100000, 0.06, 6.956
200, euler, C, 128, 60, 2000000, 0.06, 62.846
800, euler, C, 128, 60, 8000000, 0.06, 425.255
1, euler, C, 128, 65, 10000, 0.06, 4.209
5, euler, C, 128, 65, 50000, 0.06, 5.436
10, euler, C, 128, 65, 100000, 0.06, 7.060
200, euler, C, 128, 65, 2000000, 0.06, 60.696
800, euler, C, 128, 65, 8000000, 0.06, 410.939
1, euler, C, 128, 70, 10000, 0.06, 4.203
5, euler, C, 128, 70, 50000, 0.06, 5.507
10, euler, C, 128, 70, 100000, 0.06, 6.701
200, euler, C, 128, 70, 2000000, 0.06, 64.079
800, euler, C, 128, 70, 8000000, 0.06, 425.445
1, euler, C, 128, 75, 10000, 0.06, 4.101
5, euler, C, 128, 75, 50000, 0.06, 5.510
10, euler, C, 128, 75, 100000, 0.06, 6.704
200, euler, C, 128, 75, 2000000, 0.06, 59.803
800, euler, C, 128, 75, 8000000, 0.06, 411.680
1, euler, C, 128, 80, 10000, 0.06, 4.416
5, euler, C, 128, 80, 50000, 0.06, 5.341
10, euler, C, 128, 80, 100000, 0.06, 6.384
200, euler, C, 128, 80, 2000000, 0.06, 62.733
800, euler, C, 128, 80, 8000000, 0.06, 426.718
1, euler, C, 128, 85, 10000, 0.06, 4.108
5, euler, C, 128, 85, 50000, 0.06, 5.492
10, euler, C, 128, 85, 100000, 0.06, 6.954
200, euler, C, 128, 85, 2000000, 0.06, 60.096
800, euler, C, 128, 85, 8000000, 0.06, 415.748
1, euler, C, 128, 90, 10000, 0.06, 4.160
5, euler, C, 128, 90, 50000, 0.06, 5.470
10, euler, C, 128, 90, 100000, 0.06, 6.354
200, euler, C, 128, 90, 2000000, 0.06, 60.593
800, euler, C, 128, 90, 8000000, 0.06, 412.884
1, euler, C, 128, 95, 10000, 0.06, 4.279
5, euler, C, 128, 95, 50000, 0.06, 5.247
10, euler, C, 128, 95, 100000, 0.06, 6.730
200, euler, C, 128, 95, 2000000, 0.06, 61.678
800, euler, C, 128, 95, 8000000, 0.06, 413.336
1, euler, C, 128, 100, 10000, 0.06, 5.040
5, euler, C, 128, 100, 50000, 0.06, 7.261
10, euler, C, 128, 100, 100000, 0.06, 6.809
200, euler, C, 128, 100, 2000000, 0.06, 62.204
800, euler, C, 128, 100, 8000000, 0.06, 411.166
1, euler, C, 192, 0, 10000, 0.06, 4.350
5, euler, C, 192, 0, 50000, 0.06, 5.553
10, euler, C, 192, 0, 100000, 0.06, 6.642
200, euler, C, 192, 0, 2000000, 0.06, 60.820
800, euler, C, 192, 0, 8000000, 0.06, 417.190
1, euler, C, 192, 5, 10000, 0.06, 4.469
5, euler, C, 192, 5, 50000, 0.06, 5.348
10, euler, C, 192, 5, 100000, 0.06, 7.087
200, euler, C, 192, 5, 2000000, 0.06, 60.798
800, euler, C, 192, 5, 8000000, 0.06, 411.162
1, euler, C, 192, 10, 10000, 0.06, 4.399
5, euler, C, 192, 10, 50000, 0.06, 5.857
10, euler, C, 192, 10, 100000, 0.06, 6.702
200, euler, C, 192, 10, 2000000, 0.06, 63.796
800, euler, C, 192, 10, 8000000, 0.06, 415.671
1, euler, C, 192, 15, 10000, 0.06, 4.507
5, euler, C, 192, 15, 50000, 0.06, 5.359
10, euler, C, 192, 15, 100000, 0.06, 7.190
200, euler, C, 192, 15, 2000000, 0.06, 62.052
800, euler, C, 192, 15, 8000000, 0.06, 409.954
1, euler, C, 192, 20, 10000, 0.06, 4.547
5, euler, C, 192, 20, 50000, 0.06, 6.015
10, euler, C, 192, 20, 100000, 0.06, 7.680
200, euler, C, 192, 20, 2000000, 0.06, 63.020
800, euler, C, 192, 20, 8000000, 0.06, 420.483
1, euler, C, 192, 25, 10000, 0.06, 4.218
5, euler, C, 192, 25, 50000, 0.06, 5.668
10, euler, C, 192, 25, 100000, 0.06, 6.983
200, euler, C, 192, 25, 2000000, 0.06, 61.221
800, euler, C, 192, 25, 8000000, 0.06, 409.497
1, euler, C, 192, 30, 10000, 0.06, 4.247
5, euler, C, 192, 30, 50000, 0.06, 6.004
10, euler, C, 192, 30, 100000, 0.06, 7.027
200, euler, C, 192, 30, 2000000, 0.06, 61.072
800, euler, C, 192, 30, 8000000, 0.06, 421.359
1, euler, C, 192, 35, 10000, 0.06, 4.321
5, euler, C, 192, 35, 50000, 0.06, 5.786
10, euler, C, 192, 35, 100000, 0.06, 7.063
200, euler, C, 192, 35, 2000000, 0.06, 59.619
800, euler, C, 192, 35, 8000000, 0.06, 417.282
1, euler, C, 192, 40, 10000, 0.06, 4.416
5, euler, C, 192, 40, 50000, 0.06, 6.046
10, euler, C, 192, 40, 100000, 0.06, 6.821
200, euler, C, 192, 40, 2000000, 0.06, 60.517
800, euler, C, 192, 40, 8000000, 0.06, 409.505
1, euler, C, 192, 45, 10000, 0.06, 4.295
5, euler, C, 192, 45, 50000, 0.06, 6.109
10, euler, C, 192, 45, 100000, 0.06, 6.765
200, euler, C, 192, 45, 2000000, 0.06, 61.941
800, euler, C, 192, 45, 8000000, 0.06, 415.047
1, euler, C, 192, 50, 10000, 0.06, 4.259
5, euler, C, 192, 50, 50000, 0.06, 5.694
10, euler, C, 192, 50, 100000, 0.06, 6.827
200, euler, C, 192, 50, 2000000, 0.06, 60.886
800, euler, C, 192, 50, 8000000, 0.06, 408.828
1, euler, C, 192, 55, 10000, 0.06, 4.243
5, euler, C, 192, 55, 50000, 0.06, 5.762
10, euler, C, 192, 55, 100000, 0.06, 6.928
200, euler, C, 192, 55, 2000000, 0.06, 59.269
800, euler, C, 192, 55, 8000000, 0.06, 419.268
1, euler, C, 192, 60, 10000, 0.06, 4.512
5, euler, C, 192, 60, 50000, 0.06, 5.614
10, euler, C, 192, 60, 100000, 0.06, 6.951
200, euler, C, 192, 60, 2000000, 0.06, 61.388
800, euler, C, 192, 60, 8000000, 0.06, 410.240
1, euler, C, 192, 65, 10000, 0.06, 4.546
5, euler, C, 192, 65, 50000, 0.06, 5.928
10, euler, C, 192, 65, 100000, 0.06, 6.924
200, euler, C, 192, 65, 2000000, 0.06, 60.935
800, euler, C, 192, 65, 8000000, 0.06, 415.490
1, euler, C, 192, 70, 10000, 0.06, 4.384
5, euler, C, 192, 70, 50000, 0.06, 5.850
10, euler, C, 192, 70, 100000, 0.06, 6.922
200, euler, C, 192, 70, 2000000, 0.06, 61.992
800, euler, C, 192, 70, 8000000, 0.06, 411.083
1, euler, C, 192, 75, 10000, 0.06, 4.422
5, euler, C, 192, 75, 50000, 0.06, 6.623
10, euler, C, 192, 75, 100000, 0.06, 6.972
200, euler, C, 192, 75, 2000000, 0.06, 67.367
800, euler, C, 192, 75, 8000000, 0.06, 413.215
1, euler, C, 192, 80, 10000, 0.06, 4.167
5, euler, C, 192, 80, 50000, 0.06, 5.789
10, euler, C, 192, 80, 100000, 0.06, 6.940
200, euler, C, 192, 80, 2000000, 0.06, 61.386
800, euler, C, 192, 80, 8000000, 0.06, 410.833
1, euler, C, 192, 85, 10000, 0.06, 4.339
5, euler, C, 192, 85, 50000, 0.06, 5.653
10, euler, C, 192, 85, 100000, 0.06, 7.108
200, euler, C, 192, 85, 2000000, 0.06, 63.175
800, euler, C, 192, 85, 8000000, 0.06, 424.445
1, euler, C, 192, 90, 10000, 0.06, 4.277
5, euler, C, 192, 90, 50000, 0.06, 5.783
10, euler, C, 192, 90, 100000, 0.06, 6.606
200, euler, C, 192, 90, 2000000, 0.06, 61.643
800, euler, C, 192, 90, 8000000, 0.06, 429.902
1, euler, C, 192, 95, 10000, 0.06, 4.398
5, euler, C, 192, 95, 50000, 0.06, 5.853
10, euler, C, 192, 95, 100000, 0.06, 7.181
200, euler, C, 192, 95, 2000000, 0.06, 62.303
800, euler, C, 192, 95, 8000000, 0.06, 410.841
1, euler, C, 192, 100, 10000, 0.06, 4.448
5, euler, C, 192, 100, 50000, 0.06, 5.535
10, euler, C, 192, 100, 100000, 0.06, 7.337
200, euler, C, 192, 100, 2000000, 0.06, 61.738
800, euler, C, 192, 100, 8000000, 0.06, 417.030
1, euler, C, 256, 0, 10000, 0.06, 4.418
5, euler, C, 256, 0, 50000, 0.06, 5.505
10, euler, C, 256, 0, 100000, 0.06, 7.044
200, euler, C, 256, 0, 2000000, 0.06, 61.866
800, euler, C, 256, 0, 8000000, 0.06, 411.437
1, euler, C, 256, 5, 10000, 0.06, 4.496
5, euler, C, 256, 5, 50000, 0.06, 5.635
10, euler, C, 256, 5, 100000, 0.06, 6.958
200, euler, C, 256, 5, 2000000, 0.06, 62.325
800, euler, C, 256, 5, 8000000, 0.06, 423.112
1, euler, C, 256, 10, 10000, 0.06, 4.452
5, euler, C, 256, 10, 50000, 0.06, 5.571
10, euler, C, 256, 10, 100000, 0.06, 6.617
200, euler, C, 256, 10, 2000000, 0.06, 62.630
800, euler, C, 256, 10, 8000000, 0.06, 411.250
1, euler, C, 256, 15, 10000, 0.06, 4.622
5, euler, C, 256, 15, 50000, 0.06, 5.842
10, euler, C, 256, 15, 100000, 0.06, 6.467
200, euler, C, 256, 15, 2000000, 0.06, 63.025
800, euler, C, 256, 15, 8000000, 0.06, 419.526
1, euler, C, 256, 20, 10000, 0.06, 4.561
5, euler, C, 256, 20, 50000, 0.06, 5.556
10, euler, C, 256, 20, 100000, 0.06, 7.071
200, euler, C, 256, 20, 2000000, 0.06, 62.064
800, euler, C, 256, 20, 8000000, 0.06, 410.371
1, euler, C, 256, 25, 10000, 0.06, 8.160
5, euler, C, 256, 25, 50000, 0.06, 5.484
10, euler, C, 256, 25, 100000, 0.06, 18.164
200, euler, C, 256, 25, 2000000, 0.06, 64.131
800, euler, C, 256, 25, 8000000, 0.06, 410.988
1, euler, C, 256, 30, 10000, 0.06, 4.385
5, euler, C, 256, 30, 50000, 0.06, 5.714
10, euler, C, 256, 30, 100000, 0.06, 6.731
200, euler, C, 256, 30, 2000000, 0.06, 64.949
800, euler, C, 256, 30, 8000000, 0.06, 409.882
1, euler, C, 256, 35, 10000, 0.06, 4.321
5, euler, C, 256, 35, 50000, 0.06, 5.601
10, euler, C, 256, 35, 100000, 0.06, 10.486
200, euler, C, 256, 35, 2000000, 0.06, 71.655
800, euler, C, 256, 35, 8000000, 0.06, 409.257
1, euler, C, 256, 40, 10000, 0.06, 4.606
5, euler, C, 256, 40, 50000, 0.06, 6.046
10, euler, C, 256, 40, 100000, 0.06, 9.108
200, euler, C, 256, 40, 2000000, 0.06, 62.426
800, euler, C, 256, 40, 8000000, 0.06, 423.946
1, euler, C, 256, 45, 10000, 0.06, 4.297
5, euler, C, 256, 45, 50000, 0.06, 5.728
10, euler, C, 256, 45, 100000, 0.06, 6.725
200, euler, C, 256, 45, 2000000, 0.06, 63.141
800, euler, C, 256, 45, 8000000, 0.06, 416.357
1, euler, C, 256, 50, 10000, 0.06, 4.576
5, euler, C, 256, 50, 50000, 0.06, 5.775
10, euler, C, 256, 50, 100000, 0.06, 6.735
200, euler, C, 256, 50, 2000000, 0.06, 62.549
800, euler, C, 256, 50, 8000000, 0.06, 415.550
1, euler, C, 256, 55, 10000, 0.06, 4.436
5, euler, C, 256, 55, 50000, 0.06, 5.695
10, euler, C, 256, 55, 100000, 0.06, 6.464
200, euler, C, 256, 55, 2000000, 0.06, 60.137
800, euler, C, 256, 55, 8000000, 0.06, 411.005
1, euler, C, 256, 60, 10000, 0.06, 4.522
5, euler, C, 256, 60, 50000, 0.06, 5.518
10, euler, C, 256, 60, 100000, 0.06, 7.260
200, euler, C, 256, 60, 2000000, 0.06, 64.099
800, euler, C, 256, 60, 8000000, 0.06, 417.456
1, euler, C, 256, 65, 10000, 0.06, 4.425
5, euler, C, 256, 65, 50000, 0.06, 5.988
10, euler, C, 256, 65, 100000, 0.06, 6.563
200, euler, C, 256, 65, 2000000, 0.06, 59.591
800, euler, C, 256, 65, 8000000, 0.06, 409.724
1, euler, C, 256, 70, 10000, 0.06, 4.800
5, euler, C, 256, 70, 50000, 0.06, 5.857
10, euler, C, 256, 70, 100000, 0.06, 6.758
200, euler, C, 256, 70, 2000000, 0.06, 62.370
800, euler, C, 256, 70, 8000000, 0.06, 424.948
1, euler, C, 256, 75, 10000, 0.06, 4.616
5, euler, C, 256, 75, 50000, 0.06, 5.471
10, euler, C, 256, 75, 100000, 0.06, 6.686
200, euler, C, 256, 75, 2000000, 0.06, 63.662
800, euler, C, 256, 75, 8000000, 0.06, 417.170
1, euler, C, 256, 80, 10000, 0.06, 4.736
5, euler, C, 256, 80, 50000, 0.06, 5.775
10, euler, C, 256, 80, 100000, 0.06, 6.568
200, euler, C, 256, 80, 2000000, 0.06, 63.641
800, euler, C, 256, 80, 8000000, 0.06, 409.888
1, euler, C, 256, 85, 10000, 0.06, 4.684
5, euler, C, 256, 85, 50000, 0.06, 5.666
10, euler, C, 256, 85, 100000, 0.06, 6.851
200, euler, C, 256, 85, 2000000, 0.06, 61.419
800, euler, C, 256, 85, 8000000, 0.06, 427.519
1, euler, C, 256, 90, 10000, 0.06, 4.348
5, euler, C, 256, 90, 50000, 0.06, 5.877
10, euler, C, 256, 90, 100000, 0.06, 6.763
200, euler, C, 256, 90, 2000000, 0.06, 64.537
800, euler, C, 256, 90, 8000000, 0.06, 410.059
1, euler, C, 256, 95, 10000, 0.06, 4.466
5, euler, C, 256, 95, 50000, 0.06, 5.629
10, euler, C, 256, 95, 100000, 0.06, 6.649
200, euler, C, 256, 95, 2000000, 0.06, 64.780
800, euler, C, 256, 95, 8000000, 0.06, 414.115
1, euler, C, 256, 100, 10000, 0.06, 4.659
5, euler, C, 256, 100, 50000, 0.06, 5.932
10, euler, C, 256, 100, 100000, 0.06, 6.693
200, euler, C, 256, 100, 2000000, 0.06, 61.741
800, euler, C, 256, 100, 8000000, 0.06, 409.975
1, euler, C, 384, 0, 10000, 0.06, 4.527
5, euler, C, 384, 0, 50000, 0.06, 5.493
10, euler, C, 384, 0, 100000, 0.06, 7.410
200, euler, C, 384, 0, 2000000, 0.06, 62.269
800, euler, C, 384, 0, 8000000, 0.06, 428.271
1, euler, C, 384, 5, 10000, 0.06, 5.016
5, euler, C, 384, 5, 50000, 0.06, 5.466
10, euler, C, 384, 5, 100000, 0.06, 7.149
200, euler, C, 384, 5, 2000000, 0.06, 62.011
800, euler, C, 384, 5, 8000000, 0.06, 413.481
1, euler, C, 384, 10, 10000, 0.06, 4.901
5, euler, C, 384, 10, 50000, 0.06, 5.624
10, euler, C, 384, 10, 100000, 0.06, 7.619
200, euler, C, 384, 10, 2000000, 0.06, 72.250
800, euler, C, 384, 10, 8000000, 0.06, 411.887
1, euler, C, 384, 15, 10000, 0.06, 4.687
5, euler, C, 384, 15, 50000, 0.06, 5.787
10, euler, C, 384, 15, 100000, 0.06, 7.062
200, euler, C, 384, 15, 2000000, 0.06, 60.191
800, euler, C, 384, 15, 8000000, 0.06, 411.499
1, euler, C, 384, 20, 10000, 0.06, 4.830
5, euler, C, 384, 20, 50000, 0.06, 5.788
10, euler, C, 384, 20, 100000, 0.06, 7.531
200, euler, C, 384, 20, 2000000, 0.06, 62.976
800, euler, C, 384, 20, 8000000, 0.06, 419.220
1, euler, C, 384, 25, 10000, 0.06, 4.732
5, euler, C, 384, 25, 50000, 0.06, 5.719
10, euler, C, 384, 25, 100000, 0.06, 7.396
200, euler, C, 384, 25, 2000000, 0.06, 62.409
800, euler, C, 384, 25, 8000000, 0.06, 415.710
1, euler, C, 384, 30, 10000, 0.06, 5.168
5, euler, C, 384, 30, 50000, 0.06, 5.414
10, euler, C, 384, 30, 100000, 0.06, 7.419
200, euler, C, 384, 30, 2000000, 0.06, 60.599
800, euler, C, 384, 30, 8000000, 0.06, 419.981
1, euler, C, 384, 35, 10000, 0.06, 5.033
5, euler, C, 384, 35, 50000, 0.06, 5.672
10, euler, C, 384, 35, 100000, 0.06, 7.391
200, euler, C, 384, 35, 2000000, 0.06, 60.742
800, euler, C, 384, 35, 8000000, 0.06, 417.111
1, euler, C, 384, 40, 10000, 0.06, 4.952
5, euler, C, 384, 40, 50000, 0.06, 5.892
10, euler, C, 384, 40, 100000, 0.06, 7.320
200, euler, C, 384, 40, 2000000, 0.06, 61.034
800, euler, C, 384, 40, 8000000, 0.06, 411.126
1, euler, C, 384, 45, 10000, 0.06, 4.632
5, euler, C, 384, 45, 50000, 0.06, 5.818
10, euler, C, 384, 45, 100000, 0.06, 7.228
200, euler, C, 384, 45, 2000000, 0.06, 60.244
800, euler, C, 384, 45, 8000000, 0.06, 442.401
1, euler, C, 384, 50, 10000, 0.06, 4.844
5, euler, C, 384, 50, 50000, 0.06, 5.941
10, euler, C, 384, 50, 100000, 0.06, 7.326
200, euler, C, 384, 50, 2000000, 0.06, 63.341
800, euler, C, 384, 50, 8000000, 0.06, 411.674
1, euler, C, 384, 55, 10000, 0.06, 4.925
5, euler, C, 384, 55, 50000, 0.06, 5.534
10, euler, C, 384, 55, 100000, 0.06, 7.539
200, euler, C, 384, 55, 2000000, 0.06, 60.621
800, euler, C, 384, 55, 8000000, 0.06, 434.090
1, euler, C, 384, 60, 10000, 0.06, 4.948
5, euler, C, 384, 60, 50000, 0.06, 5.634
10, euler, C, 384, 60, 100000, 0.06, 7.047
200, euler, C, 384, 60, 2000000, 0.06, 59.990
800, euler, C, 384, 60, 8000000, 0.06, 415.443
1, euler, C, 384, 65, 10000, 0.06, 4.944
5, euler, C, 384, 65, 50000, 0.06, 6.179
10, euler, C, 384, 65, 100000, 0.06, 7.774
200, euler, C, 384, 65, 2000000, 0.06, 64.305
800, euler, C, 384, 65, 8000000, 0.06, 414.051
1, euler, C, 384, 70, 10000, 0.06, 4.968
5, euler, C, 384, 70, 50000, 0.06, 5.643
10, euler, C, 384, 70, 100000, 0.06, 7.540
200, euler, C, 384, 70, 2000000, 0.06, 62.507
800, euler, C, 384, 70, 8000000, 0.06, 411.439
1, euler, C, 384, 75, 10000, 0.06, 18.588
5, euler, C, 384, 75, 50000, 0.06, 6.486
10, euler, C, 384, 75, 100000, 0.06, 8.234
200, euler, C, 384, 75, 2000000, 0.06, 61.698
800, euler, C, 384, 75, 8000000, 0.06, 411.343
1, euler, C, 384, 80, 10000, 0.06, 4.888
5, euler, C, 384, 80, 50000, 0.06, 5.651
10, euler, C, 384, 80, 100000, 0.06, 7.241
200, euler, C, 384, 80, 2000000, 0.06, 63.075
800, euler, C, 384, 80, 8000000, 0.06, 420.311
1, euler, C, 384, 85, 10000, 0.06, 5.110
5, euler, C, 384, 85, 50000, 0.06, 5.684
10, euler, C, 384, 85, 100000, 0.06, 7.895
200, euler, C, 384, 85, 2000000, 0.06, 62.623
800, euler, C, 384, 85, 8000000, 0.06, 411.166
1, euler, C, 384, 90, 10000, 0.06, 4.727
5, euler, C, 384, 90, 50000, 0.06, 6.123
10, euler, C, 384, 90, 100000, 0.06, 7.370
200, euler, C, 384, 90, 2000000, 0.06, 60.869
800, euler, C, 384, 90, 8000000, 0.06, 417.044
1, euler, C, 384, 95, 10000, 0.06, 5.096
5, euler, C, 384, 95, 50000, 0.06, 5.912
10, euler, C, 384, 95, 100000, 0.06, 7.324
200, euler, C, 384, 95, 2000000, 0.06, 61.214
800, euler, C, 384, 95, 8000000, 0.06, 421.641
1, euler, C, 384, 100, 10000, 0.06, 5.439
5, euler, C, 384, 100, 50000, 0.06, 5.509
10, euler, C, 384, 100, 100000, 0.06, 7.804
200, euler, C, 384, 100, 2000000, 0.06, 65.039
800, euler, C, 384, 100, 8000000, 0.06, 415.759
1, euler, C, 512, 0, 10000, 0.06, 3.574
5, euler, C, 512, 0, 50000, 0.06, 5.048
10, euler, C, 512, 0, 100000, 0.06, 7.309
200, euler, C, 512, 0, 2000000, 0.06, 64.140
800, euler, C, 512, 0, 8000000, 0.06, 410.598
1, euler, C, 512, 5, 10000, 0.06, 4.116
5, euler, C, 512, 5, 50000, 0.06, 5.441
10, euler, C, 512, 5, 100000, 0.06, 7.414
200, euler, C, 512, 5, 2000000, 0.06, 60.807
800, euler, C, 512, 5, 8000000, 0.06, 422.295
1, euler, C, 512, 10, 10000, 0.06, 3.822
5, euler, C, 512, 10, 50000, 0.06, 4.908
10, euler, C, 512, 10, 100000, 0.06, 7.388
200, euler, C, 512, 10, 2000000, 0.06, 60.313
800, euler, C, 512, 10, 8000000, 0.06, 418.553
1, euler, C, 512, 15, 10000, 0.06, 4.173
5, euler, C, 512, 15, 50000, 0.06, 5.038
10, euler, C, 512, 15, 100000, 0.06, 7.233
200, euler, C, 512, 15, 2000000, 0.06, 61.424
800, euler, C, 512, 15, 8000000, 0.06, 413.094
1, euler, C, 512, 20, 10000, 0.06, 3.968
5, euler, C, 512, 20, 50000, 0.06, 4.837
10, euler, C, 512, 20, 100000, 0.06, 7.421
200, euler, C, 512, 20, 2000000, 0.06, 60.899
800, euler, C, 512, 20, 8000000, 0.06, 417.393
1, euler, C, 512, 25, 10000, 0.06, 4.389
5, euler, C, 512, 25, 50000, 0.06, 5.625
10, euler, C, 512, 25, 100000, 0.06, 7.481
200, euler, C, 512, 25, 2000000, 0.06, 62.309
800, euler, C, 512, 25, 8000000, 0.06, 415.065
1, euler, C, 512, 30, 10000, 0.06, 3.845
5, euler, C, 512, 30, 50000, 0.06, 4.926
10, euler, C, 512, 30, 100000, 0.06, 7.025
200, euler, C, 512, 30, 2000000, 0.06, 62.032
800, euler, C, 512, 30, 8000000, 0.06, 430.106
1, euler, C, 512, 35, 10000, 0.06, 4.663
5, euler, C, 512, 35, 50000, 0.06, 5.082
10, euler, C, 512, 35, 100000, 0.06, 7.665
200, euler, C, 512, 35, 2000000, 0.06, 64.480
800, euler, C, 512, 35, 8000000, 0.06, 411.510
1, euler, C, 512, 40, 10000, 0.06, 4.249
5, euler, C, 512, 40, 50000, 0.06, 4.982
10, euler, C, 512, 40, 100000, 0.06, 7.465
200, euler, C, 512, 40, 2000000, 0.06, 62.783
800, euler, C, 512, 40, 8000000, 0.06, 416.667
1, euler, C, 512, 45, 10000, 0.06, 4.115
5, euler, C, 512, 45, 50000, 0.06, 5.452
10, euler, C, 512, 45, 100000, 0.06, 7.286
200, euler, C, 512, 45, 2000000, 0.06, 60.582
800, euler, C, 512, 45, 8000000, 0.06, 413.344
1, euler, C, 512, 50, 10000, 0.06, 4.089
5, euler, C, 512, 50, 50000, 0.06, 6.933
10, euler, C, 512, 50, 100000, 0.06, 10.397
200, euler, C, 512, 50, 2000000, 0.06, 69.499
800, euler, C, 512, 50, 8000000, 0.06, 412.069
1, euler, C, 512, 55, 10000, 0.06, 4.252
5, euler, C, 512, 55, 50000, 0.06, 4.994
10, euler, C, 512, 55, 100000, 0.06, 7.383
200, euler, C, 512, 55, 2000000, 0.06, 62.861
800, euler, C, 512, 55, 8000000, 0.06, 421.976
1, euler, C, 512, 60, 10000, 0.06, 3.968
5, euler, C, 512, 60, 50000, 0.06, 4.873
10, euler, C, 512, 60, 100000, 0.06, 7.603
200, euler, C, 512, 60, 2000000, 0.06, 75.252
800, euler, C, 512, 60, 8000000, 0.06, 411.335
1, euler, C, 512, 65, 10000, 0.06, 3.770
5, euler, C, 512, 65, 50000, 0.06, 5.230
10, euler, C, 512, 65, 100000, 0.06, 7.357
200, euler, C, 512, 65, 2000000, 0.06, 60.917
800, euler, C, 512, 65, 8000000, 0.06, 415.776
1, euler, C, 512, 70, 10000, 0.06, 3.804
5, euler, C, 512, 70, 50000, 0.06, 4.953
10, euler, C, 512, 70, 100000, 0.06, 7.574
200, euler, C, 512, 70, 2000000, 0.06, 60.814
800, euler, C, 512, 70, 8000000, 0.06, 412.760
1, euler, C, 512, 75, 10000, 0.06, 3.725
5, euler, C, 512, 75, 50000, 0.06, 4.978
10, euler, C, 512, 75, 100000, 0.06, 7.125
200, euler, C, 512, 75, 2000000, 0.06, 63.407
800, euler, C, 512, 75, 8000000, 0.06, 418.462
1, euler, C, 512, 80, 10000, 0.06, 3.893
5, euler, C, 512, 80, 50000, 0.06, 5.175
10, euler, C, 512, 80, 100000, 0.06, 7.279
200, euler, C, 512, 80, 2000000, 0.06, 61.378
800, euler, C, 512, 80, 8000000, 0.06, 412.048
1, euler, C, 512, 85, 10000, 0.06, 3.891
5, euler, C, 512, 85, 50000, 0.06, 5.015
10, euler, C, 512, 85, 100000, 0.06, 7.428
200, euler, C, 512, 85, 2000000, 0.06, 64.707
800, euler, C, 512, 85, 8000000, 0.06, 426.244
1, euler, C, 512, 90, 10000, 0.06, 3.822
5, euler, C, 512, 90, 50000, 0.06, 4.937
10, euler, C, 512, 90, 100000, 0.06, 7.207
200, euler, C, 512, 90, 2000000, 0.06, 61.046
800, euler, C, 512, 90, 8000000, 0.06, 411.085
1, euler, C, 512, 95, 10000, 0.06, 3.685
5, euler, C, 512, 95, 50000, 0.06, 5.095
10, euler, C, 512, 95, 100000, 0.06, 7.650
200, euler, C, 512, 95, 2000000, 0.06, 62.665
800, euler, C, 512, 95, 8000000, 0.06, 428.337
1, euler, C, 512, 100, 10000, 0.06, 3.929
5, euler, C, 512, 100, 50000, 0.06, 5.014
10, euler, C, 512, 100, 100000, 0.06, 7.682
200, euler, C, 512, 100, 2000000, 0.06, 63.499
800, euler, C, 512, 100, 8000000, 0.06, 415.628
1, euler, C, 768, 0, 10000, 0.06, 4.736
5, euler, C, 768, 0, 50000, 0.06, 5.278
10, euler, C, 768, 0, 100000, 0.06, 7.152
200, euler, C, 768, 0, 2000000, 0.06, 65.953
800, euler, C, 768, 0, 8000000, 0.06, 409.764
1, euler, C, 768, 5, 10000, 0.06, 3.691
5, euler, C, 768, 5, 50000, 0.06, 6.027
10, euler, C, 768, 5, 100000, 0.06, 7.245
200, euler, C, 768, 5, 2000000, 0.06, 63.485
800, euler, C, 768, 5, 8000000, 0.06, 412.851
1, euler, C, 768, 10, 10000, 0.06, 8.515
5, euler, C, 768, 10, 50000, 0.06, 6.475
10, euler, C, 768, 10, 100000, 0.06, 8.093
200, euler, C, 768, 10, 2000000, 0.06, 63.163
800, euler, C, 768, 10, 8000000, 0.06, 411.029
1, euler, C, 768, 15, 10000, 0.06, 3.851
5, euler, C, 768, 15, 50000, 0.06, 5.744
10, euler, C, 768, 15, 100000, 0.06, 7.209
200, euler, C, 768, 15, 2000000, 0.06, 63.786
800, euler, C, 768, 15, 8000000, 0.06, 418.644
1, euler, C, 768, 20, 10000, 0.06, 3.631
5, euler, C, 768, 20, 50000, 0.06, 5.595
10, euler, C, 768, 20, 100000, 0.06, 7.147
200, euler, C, 768, 20, 2000000, 0.06, 64.977
800, euler, C, 768, 20, 8000000, 0.06, 409.273
1, euler, C, 768, 25, 10000, 0.06, 3.680
5, euler, C, 768, 25, 50000, 0.06, 5.608
10, euler, C, 768, 25, 100000, 0.06, 7.267
200, euler, C, 768, 25, 2000000, 0.06, 61.690
800, euler, C, 768, 25, 8000000, 0.06, 414.769
1, euler, C, 768, 30, 10000, 0.06, 3.959
5, euler, C, 768, 30, 50000, 0.06, 5.752
10, euler, C, 768, 30, 100000, 0.06, 7.223
200, euler, C, 768, 30, 2000000, 0.06, 61.834
800, euler, C, 768, 30, 8000000, 0.06, 409.264
1, euler, C, 768, 35, 10000, 0.06, 3.718
5, euler, C, 768, 35, 50000, 0.06, 5.602
10, euler, C, 768, 35, 100000, 0.06, 7.457
200, euler, C, 768, 35, 2000000, 0.06, 62.027
800, euler, C, 768, 35, 8000000, 0.06, 414.474
1, euler, C, 768, 40, 10000, 0.06, 3.859
5, euler, C, 768, 40, 50000, 0.06, 5.842
10, euler, C, 768, 40, 100000, 0.06, 7.276
200, euler, C, 768, 40, 2000000, 0.06, 63.415
800, euler, C, 768, 40, 8000000, 0.06, 409.895
1, euler, C, 768, 45, 10000, 0.06, 3.858
5, euler, C, 768, 45, 50000, 0.06, 5.527
10, euler, C, 768, 45, 100000, 0.06, 7.411
200, euler, C, 768, 45, 2000000, 0.06, 62.786
800, euler, C, 768, 45, 8000000, 0.06, 420.738
1, euler, C, 768, 50, 10000, 0.06, 4.057
5, euler, C, 768, 50, 50000, 0.06, 5.589
10, euler, C, 768, 50, 100000, 0.06, 7.261
200, euler, C, 768, 50, 2000000, 0.06, 62.443
800, euler, C, 768, 50, 8000000, 0.06, 418.863
1, euler, C, 768, 55, 10000, 0.06, 3.992
5, euler, C, 768, 55, 50000, 0.06, 5.729
10, euler, C, 768, 55, 100000, 0.06, 7.663
200, euler, C, 768, 55, 2000000, 0.06, 65.001
800, euler, C, 768, 55, 8000000, 0.06, 410.828
1, euler, C, 768, 60, 10000, 0.06, 4.121
5, euler, C, 768, 60, 50000, 0.06, 5.847
10, euler, C, 768, 60, 100000, 0.06, 7.224
200, euler, C, 768, 60, 2000000, 0.06, 65.863
800, euler, C, 768, 60, 8000000, 0.06, 416.189
1, euler, C, 768, 65, 10000, 0.06, 3.867
5, euler, C, 768, 65, 50000, 0.06, 5.917
10, euler, C, 768, 65, 100000, 0.06, 7.422
200, euler, C, 768, 65, 2000000, 0.06, 62.795
800, euler, C, 768, 65, 8000000, 0.06, 409.719
1, euler, C, 768, 70, 10000, 0.06, 3.927
5, euler, C, 768, 70, 50000, 0.06, 5.824
10, euler, C, 768, 70, 100000, 0.06, 7.613
200, euler, C, 768, 70, 2000000, 0.06, 62.186
800, euler, C, 768, 70, 8000000, 0.06, 416.637
1, euler, C, 768, 75, 10000, 0.06, 3.709
5, euler, C, 768, 75, 50000, 0.06, 6.026
10, euler, C, 768, 75, 100000, 0.06, 6.905
200, euler, C, 768, 75, 2000000, 0.06, 67.641
800, euler, C, 768, 75, 8000000, 0.06, 410.357
1, euler, C, 768, 80, 10000, 0.06, 4.086
5, euler, C, 768, 80, 50000, 0.06, 6.116
10, euler, C, 768, 80, 100000, 0.06, 7.999
200, euler, C, 768, 80, 2000000, 0.06, 65.355
800, euler, C, 768, 80, 8000000, 0.06, 416.222
1, euler, C, 768, 85, 10000, 0.06, 4.045
5, euler, C, 768, 85, 50000, 0.06, 5.853
10, euler, C, 768, 85, 100000, 0.06, 7.196
200, euler, C, 768, 85, 2000000, 0.06, 65.778
800, euler, C, 768, 85, 8000000, 0.06, 410.802
1, euler, C, 768, 90, 10000, 0.06, 3.716
5, euler, C, 768, 90, 50000, 0.06, 5.715
10, euler, C, 768, 90, 100000, 0.06, 7.805
200, euler, C, 768, 90, 2000000, 0.06, 74.750
800, euler, C, 768, 90, 8000000, 0.06, 409.370
1, euler, C, 768, 95, 10000, 0.06, 3.846
5, euler, C, 768, 95, 50000, 0.06, 5.697
10, euler, C, 768, 95, 100000, 0.06, 7.256
200, euler, C, 768, 95, 2000000, 0.06, 64.214
800, euler, C, 768, 95, 8000000, 0.06, 409.004
1, euler, C, 768, 100, 10000, 0.06, 3.894
5, euler, C, 768, 100, 50000, 0.06, 5.541
10, euler, C, 768, 100, 100000, 0.06, 7.369
200, euler, C, 768, 100, 2000000, 0.06, 74.247
800, euler, C, 768, 100, 8000000, 0.06, 410.273
1, euler, C, 1024, 0, 10000, 0.06, 3.894
5, euler, C, 1024, 0, 50000, 0.06, 5.975
10, euler, C, 1024, 0, 100000, 0.06, 5.908
200, euler, C, 1024, 0, 2000000, 0.06, 64.888
800, euler, C, 1024, 0, 8000000, 0.06, 416.486
1, euler, C, 1024, 5, 10000, 0.06, 3.924
5, euler, C, 1024, 5, 50000, 0.06, 6.262
10, euler, C, 1024, 5, 100000, 0.06, 6.321
200, euler, C, 1024, 5, 2000000, 0.06, 61.558
800, euler, C, 1024, 5, 8000000, 0.06, 411.442
1, euler, C, 1024, 10, 10000, 0.06, 3.797
5, euler, C, 1024, 10, 50000, 0.06, 6.357
10, euler, C, 1024, 10, 100000, 0.06, 6.295
200, euler, C, 1024, 10, 2000000, 0.06, 63.118
800, euler, C, 1024, 10, 8000000, 0.06, 419.926
1, euler, C, 1024, 15, 10000, 0.06, 4.137
5, euler, C, 1024, 15, 50000, 0.06, 6.176
10, euler, C, 1024, 15, 100000, 0.06, 5.976
200, euler, C, 1024, 15, 2000000, 0.06, 63.716
800, euler, C, 1024, 15, 8000000, 0.06, 415.377
1, euler, C, 1024, 20, 10000, 0.06, 3.968
5, euler, C, 1024, 20, 50000, 0.06, 5.951
10, euler, C, 1024, 20, 100000, 0.06, 6.324
200, euler, C, 1024, 20, 2000000, 0.06, 62.592
800, euler, C, 1024, 20, 8000000, 0.06, 417.828
1, euler, C, 1024, 25, 10000, 0.06, 3.915
5, euler, C, 1024, 25, 50000, 0.06, 6.450
10, euler, C, 1024, 25, 100000, 0.06, 6.297
200, euler, C, 1024, 25, 2000000, 0.06, 64.193
800, euler, C, 1024, 25, 8000000, 0.06, 410.960
1, euler, C, 1024, 30, 10000, 0.06, 3.725
5, euler, C, 1024, 30, 50000, 0.06, 6.061
10, euler, C, 1024, 30, 100000, 0.06, 6.186
200, euler, C, 1024, 30, 2000000, 0.06, 62.764
800, euler, C, 1024, 30, 8000000, 0.06, 425.134
1, euler, C, 1024, 35, 10000, 0.06, 4.005
5, euler, C, 1024, 35, 50000, 0.06, 6.446
10, euler, C, 1024, 35, 100000, 0.06, 6.097
200, euler, C, 1024, 35, 2000000, 0.06, 66.182
800, euler, C, 1024, 35, 8000000, 0.06, 412.699
1, euler, C, 1024, 40, 10000, 0.06, 12.620
5, euler, C, 1024, 40, 50000, 0.06, 7.113
10, euler, C, 1024, 40, 100000, 0.06, 6.482
200, euler, C, 1024, 40, 2000000, 0.06, 66.877
800, euler, C, 1024, 40, 8000000, 0.06, 411.591
1, euler, C, 1024, 45, 10000, 0.06, 3.993
5, euler, C, 1024, 45, 50000, 0.06, 6.445
10, euler, C, 1024, 45, 100000, 0.06, 6.076
200, euler, C, 1024, 45, 2000000, 0.06, 64.206
800, euler, C, 1024, 45, 8000000, 0.06, 412.292
1, euler, C, 1024, 50, 10000, 0.06, 21.251
5, euler, C, 1024, 50, 50000, 0.06, 7.242
10, euler, C, 1024, 50, 100000, 0.06, 6.855
200, euler, C, 1024, 50, 2000000, 0.06, 66.601
800, euler, C, 1024, 50, 8000000, 0.06, 412.570
1, euler, C, 1024, 55, 10000, 0.06, 4.053
5, euler, C, 1024, 55, 50000, 0.06, 7.015
10, euler, C, 1024, 55, 100000, 0.06, 6.327
200, euler, C, 1024, 55, 2000000, 0.06, 61.713
800, euler, C, 1024, 55, 8000000, 0.06, 419.023
1, euler, C, 1024, 60, 10000, 0.06, 4.168
5, euler, C, 1024, 60, 50000, 0.06, 5.981
10, euler, C, 1024, 60, 100000, 0.06, 6.331
200, euler, C, 1024, 60, 2000000, 0.06, 64.794
800, euler, C, 1024, 60, 8000000, 0.06, 412.741
1, euler, C, 1024, 65, 10000, 0.06, 3.718
5, euler, C, 1024, 65, 50000, 0.06, 6.068
10, euler, C, 1024, 65, 100000, 0.06, 6.282
200, euler, C, 1024, 65, 2000000, 0.06, 62.905
800, euler, C, 1024, 65, 8000000, 0.06, 420.450
1, euler, C, 1024, 70, 10000, 0.06, 3.906
5, euler, C, 1024, 70, 50000, 0.06, 6.355
10, euler, C, 1024, 70, 100000, 0.06, 5.963
200, euler, C, 1024, 70, 2000000, 0.06, 65.115
800, euler, C, 1024, 70, 8000000, 0.06, 411.868
1, euler, C, 1024, 75, 10000, 0.06, 3.819
5, euler, C, 1024, 75, 50000, 0.06, 6.448
10, euler, C, 1024, 75, 100000, 0.06, 6.309
200, euler, C, 1024, 75, 2000000, 0.06, 67.834
800, euler, C, 1024, 75, 8000000, 0.06, 421.398
1, euler, C, 1024, 80, 10000, 0.06, 4.078
5, euler, C, 1024, 80, 50000, 0.06, 6.512
10, euler, C, 1024, 80, 100000, 0.06, 6.440
200, euler, C, 1024, 80, 2000000, 0.06, 63.572
800, euler, C, 1024, 80, 8000000, 0.06, 413.991
1, euler, C, 1024, 85, 10000, 0.06, 3.919
5, euler, C, 1024, 85, 50000, 0.06, 6.464
10, euler, C, 1024, 85, 100000, 0.06, 6.268
200, euler, C, 1024, 85, 2000000, 0.06, 64.487
800, euler, C, 1024, 85, 8000000, 0.06, 427.324
1, euler, C, 1024, 90, 10000, 0.06, 3.795
5, euler, C, 1024, 90, 50000, 0.06, 6.371
10, euler, C, 1024, 90, 100000, 0.06, 6.556
200, euler, C, 1024, 90, 2000000, 0.06, 62.576
800, euler, C, 1024, 90, 8000000, 0.06, 419.361
1, euler, C, 1024, 95, 10000, 0.06, 3.897
5, euler, C, 1024, 95, 50000, 0.06, 6.225
10, euler, C, 1024, 95, 100000, 0.06, 6.240
200, euler, C, 1024, 95, 2000000, 0.06, 62.345
800, euler, C, 1024, 95, 8000000, 0.06, 411.208
1, euler, C, 1024, 100, 10000, 0.06, 3.880
5, euler, C, 1024, 100, 50000, 0.06, 6.050
10, euler, C, 1024, 100, 100000, 0.06, 6.386
200, euler, C, 1024, 100, 2000000, 0.06, 64.361
800, euler, C, 1024, 100, 8000000, 0.06, 418.614
