len, eq, sch, tpb, gpuA, nX, tf, tcost
1, heat, S, 64, 0, 10000, 0.4, 2.002
5, heat, S, 64, 0, 50000, 0.4, 2.003
10, heat, S, 64, 0, 100000, 0.4, 2.003
50, heat, S, 64, 0, 500000, 0.4, 2.003
100, heat, S, 64, 0, 1000000, 0.4, 2.003
200, heat, S, 64, 0, 2000000, 0.4, 2.003
500, heat, S, 64, 0, 5000000, 0.4, 2.002
800, heat, S, 64, 0, 8000000, 0.4, 2.001
1000, heat, S, 64, 0, 10000000, 0.4, 2.003
1, heat, S, 64, 5, 10000, 0.4, 2.003
5, heat, S, 64, 5, 50000, 0.4, 2.003
10, heat, S, 64, 5, 100000, 0.4, 2.003
50, heat, S, 64, 5, 500000, 0.4, 2.003
100, heat, S, 64, 5, 1000000, 0.4, 2.003
200, heat, S, 64, 5, 2000000, 0.4, 2.002
500, heat, S, 64, 5, 5000000, 0.4, 2.001
800, heat, S, 64, 5, 8000000, 0.4, 2.002
1000, heat, S, 64, 5, 10000000, 0.4, 2.003
1, heat, S, 64, 10, 10000, 0.4, 2.003
5, heat, S, 64, 10, 50000, 0.4, 2.002
