5
nX 512
nprocs: 1
gpuA 0.5
nGPU: 1
xGPU: 256
bks 8
----------
No nWaves wasn't set previous
0.00130548
After:
nX 768
xg + xc 768
nWaves 1
xWave 768
bks 8
gpuA 0.5
xGPU: 256
You're in heat! 0.00469405
{
	"BC" : "DIRICHLET",
	"IC" : "LINEAR",
	"dt" : 0.0001,
	"dx" : 0.0013054830287206266,
	"freq" : 2,
	"gpuA" : 0.5,
	"lx" : 1.0,
	"nW" : null,
	"nX" : 768,
	"tf" : 20.0,
	"tpb" : 32
}
256 512
0 0 256 512 1
Swept Decomposition
GPU threads launched: 256 GpuSize: 274  258 node ht: 16 sizeof states: 16
AFTER Initial copy 
0
0 16.71
1 16.78
2 16.84
3 16.91
4 16.97
5 17.04
6 17.10
7 17.17
8 17.23
9 17.30
10 17.36
11 17.43
12 17.49
13 17.56
14 17.62
15 17.69
16 17.75
17 17.82
18 17.89
19 17.95
20 18.02
21 18.08
22 18.15
23 18.21
24 18.28
25 18.34
26 18.41
27 18.47
28 18.54
29 18.60
30 18.67
31 18.73
32 18.80
33 18.86
34 18.93
35 18.99
36 19.06
37 19.13
38 19.19
39 19.26
40 19.32
41 19.39
42 19.45
43 19.52
44 19.58
45 19.65
46 19.71
47 19.78
48 19.84
49 19.91
50 19.97
51 20.04
52 20.10
53 20.17
54 20.23
55 20.30
56 20.37
57 20.43
58 20.50
59 20.56
60 20.63
61 20.69
62 20.76
63 20.82
64 20.89
65 20.95
66 21.02
67 21.08
68 21.15
69 21.21
70 21.28
71 21.34
72 21.41
73 21.48
74 21.54
75 21.61
76 21.67
77 21.74
78 21.80
79 21.87
80 21.93
81 22.00
82 22.06
83 22.13
84 22.19
85 22.26
86 22.32
87 22.39
88 22.45
89 22.52
90 22.58
91 22.65
92 22.72
93 22.78
94 22.85
95 22.91
96 22.98
97 23.04
98 23.11
99 23.17
100 23.24
101 23.30
102 23.37
103 23.43
104 23.50
105 23.56
106 23.63
107 23.69
108 23.76
109 23.83
110 23.89
111 23.96
112 24.02
113 24.09
114 24.15
115 24.22
116 24.28
117 24.35
118 24.41
119 24.48
120 24.54
121 24.61
122 24.67
123 24.74
124 24.80
125 24.87
126 24.93
127 25.00
128 25.07
129 25.13
130 25.20
131 25.26
132 25.33
133 25.39
134 25.46
135 25.52
136 25.59
137 25.65
138 25.72
139 25.78
140 25.85
141 25.91
142 25.98
143 26.04
144 26.11
145 26.17
146 26.24
147 26.31
148 26.37
149 26.44
150 26.50
151 26.57
152 26.63
153 26.70
154 26.76
155 26.83
156 26.89
157 26.96
158 27.02
159 27.09
160 27.15
161 27.22
162 27.28
163 27.35
164 27.42
165 27.48
166 27.55
167 27.61
168 27.68
169 27.74
170 27.81
171 27.87
172 27.94
173 28.00
174 28.07
175 28.13
176 28.20
177 28.26
178 28.33
179 28.39
180 28.46
181 28.52
182 28.59
183 28.66
184 28.72
185 28.79
186 28.85
187 28.92
188 28.98
189 29.05
190 29.11
191 29.18
192 29.24
193 29.31
194 29.37
195 29.44
196 29.50
197 29.57
198 29.63
199 29.70
200 29.77
201 29.83
202 29.90
203 29.96
204 30.03
205 30.09
206 30.16
207 30.22
208 30.29
209 30.35
210 30.42
211 30.48
212 30.55
213 30.61
214 30.68
215 30.74
216 30.81
217 30.87
218 30.94
219 31.01
220 31.07
221 31.14
222 31.20
223 31.27
224 31.33
225 31.40
226 31.46
227 31.53
228 31.59
229 31.66
230 31.72
231 31.79
232 31.85
233 31.92
234 31.98
235 32.05
236 32.11
237 32.18
238 32.25
239 32.31
240 32.38
241 32.44
242 32.51
243 32.57
244 32.64
245 32.70
246 32.77
247 32.83
248 32.90
249 32.96
250 33.03
251 33.09
252 33.16
253 33.22
254 33.29
255 33.36
256 33.42
257 33.49
258 26.52
259 6.63
260 27.63
261 5.86
262 28.59
263 5.01
264 29.62
265 4.08
266 30.74
267 3.08
268 31.94
269 1.98
270 33.23
271 0.79
272 34.46
273 34.53
1
0 0.00
1 0.00
2 0.00
3 0.00
4 0.00
5 0.00
6 0.00
7 0.00
8 0.00
9 0.00
10 0.00
11 0.00
12 0.00
13 0.00
14 0.00
15 0.00
16 0.00
17 0.00
18 0.00
19 0.00
20 0.00
21 0.00
22 0.00
23 0.00
24 0.00
25 0.00
26 0.00
27 0.00
28 0.00
29 0.00
30 0.00
31 0.00
32 0.00
33 0.00
34 0.00
35 0.00
36 0.00
37 0.00
38 0.00
39 0.00
40 0.00
41 0.00
42 0.00
43 0.00
44 0.00
45 0.00
46 0.00
47 0.00
48 0.00
49 0.00
50 0.00
51 0.00
52 0.00
53 0.00
54 0.00
55 0.00
56 0.00
57 0.00
58 0.00
59 0.00
60 0.00
61 0.00
62 0.00
63 0.00
64 0.00
65 0.00
66 0.00
67 0.00
68 0.00
69 0.00
70 0.00
71 0.00
72 0.00
73 0.00
74 0.00
75 0.00
76 0.00
77 0.00
78 0.00
79 0.00
80 0.00
81 0.00
82 0.00
83 0.00
84 0.00
85 0.00
86 0.00
87 0.00
88 0.00
89 0.00
90 0.00
91 0.00
92 0.00
93 0.00
94 0.00
95 0.00
96 0.00
97 0.00
98 0.00
99 0.00
100 0.00
101 0.00
102 0.00
103 0.00
104 0.00
105 0.00
106 0.00
107 0.00
108 0.00
109 0.00
110 0.00
111 0.00
112 0.00
113 0.00
114 0.00
115 0.00
116 0.00
117 0.00
118 0.00
119 0.00
120 0.00
121 0.00
122 0.00
123 0.00
124 0.00
125 0.00
126 0.00
127 0.00
128 0.00
129 0.00
130 0.00
131 0.00
132 0.00
133 0.00
134 0.00
135 0.00
136 0.00
137 0.00
138 0.00
139 0.00
140 0.00
141 0.00
142 0.00
143 0.00
144 0.00
145 0.00
146 0.00
147 0.00
148 0.00
149 0.00
150 0.00
151 0.00
152 0.00
153 0.00
154 0.00
155 0.00
156 0.00
157 0.00
158 0.00
159 0.00
160 0.00
161 0.00
162 0.00
163 0.00
164 0.00
165 0.00
166 0.00
167 0.00
168 0.00
169 0.00
170 0.00
171 0.00
172 0.00
173 0.00
174 0.00
175 0.00
176 0.00
177 0.00
178 0.00
179 0.00
180 0.00
181 0.00
182 0.00
183 0.00
184 0.00
185 0.00
186 0.00
187 0.00
188 0.00
189 0.00
190 0.00
191 0.00
192 0.00
193 0.00
194 0.00
195 0.00
196 0.00
197 0.00
198 0.00
199 0.00
200 0.00
201 0.00
202 0.00
203 0.00
204 0.00
205 0.00
206 0.00
207 0.00
208 0.00
209 0.00
210 0.00
211 0.00
212 0.00
213 0.00
214 0.00
215 0.00
216 0.00
217 0.00
218 0.00
219 0.00
220 0.00
221 0.00
222 0.00
223 0.00
224 0.00
225 0.00
226 0.00
227 0.00
228 0.00
229 0.00
230 0.00
231 0.00
232 0.00
233 0.00
234 0.00
235 0.00
236 0.00
237 0.00
238 0.00
239 0.00
240 0.00
241 0.00
242 0.00
243 0.00
244 0.00
245 0.00
246 0.00
247 0.00
248 0.00
249 0.00
250 0.00
251 0.00
252 0.00
253 0.00
254 0.00
255 0.00
256 0.00
257 0.00
258 26.31
259 6.43
260 27.43
261 5.65
262 28.37
263 4.78
264 29.39
265 3.84
266 30.48
267 2.81
268 31.66
269 1.69
270 32.93
271 0.48
272 34.30
273 0.00
After UPTRIANGLE 
0
0 16.71
1 16.78
2 16.84
3 16.91
4 16.97
5 17.04
6 17.10
7 17.17
8 17.23
9 17.30
10 17.36
11 17.43
12 17.49
13 17.56
14 17.62
15 17.69
16 17.75
17 17.82
18 17.89
19 17.95
20 18.02
21 18.08
22 18.15
23 18.21
24 18.28
25 18.34
26 18.41
27 18.47
28 18.54
29 18.60
30 18.67
31 18.73
32 18.80
33 18.86
34 18.93
35 18.99
36 19.06
37 19.13
38 19.19
39 19.26
40 19.32
41 19.39
42 19.45
43 19.52
44 19.58
45 19.65
46 19.71
47 19.78
48 19.84
49 19.91
50 19.97
51 20.04
52 20.10
53 20.17
54 20.23
55 20.30
56 20.37
57 20.43
58 20.50
59 20.56
60 20.63
61 20.69
62 20.76
63 20.82
64 20.89
65 20.95
66 21.02
67 21.08
68 21.15
69 21.21
70 21.28
71 21.34
72 21.41
73 21.48
74 21.54
75 21.61
76 21.67
77 21.74
78 21.80
79 21.87
80 21.93
81 22.00
82 22.06
83 22.13
84 22.19
85 22.26
86 22.32
87 22.39
88 22.45
89 22.52
90 22.58
91 22.65
92 22.72
93 22.78
94 22.85
95 22.91
96 22.98
97 23.04
98 23.11
99 23.17
100 23.24
101 23.30
102 23.37
103 23.43
104 23.50
105 23.56
106 23.63
107 23.69
108 23.76
109 23.83
110 23.89
111 23.96
112 24.02
113 24.09
114 24.15
115 24.22
116 24.28
117 24.35
118 24.41
119 24.48
120 24.54
121 24.61
122 24.67
123 24.74
124 24.80
125 24.87
126 24.93
127 25.00
128 25.07
129 25.13
130 25.20
131 25.26
132 25.33
133 25.39
134 25.46
135 25.52
136 25.59
137 25.65
138 25.72
139 25.78
140 25.85
141 25.91
142 25.98
143 26.04
144 26.11
145 26.17
146 26.24
147 26.31
148 26.37
149 26.44
150 26.50
151 26.57
152 26.63
153 26.70
154 26.76
155 26.83
156 26.89
157 26.96
158 27.02
159 27.09
160 27.15
161 27.22
162 27.28
163 27.35
164 27.42
165 27.48
166 27.55
167 27.61
168 27.68
169 27.74
170 27.81
171 27.87
172 27.94
173 28.00
174 28.07
175 28.13
176 28.20
177 28.26
178 28.33
179 28.39
180 28.46
181 28.52
182 28.59
183 28.66
184 28.72
185 28.79
186 28.85
187 28.92
188 28.98
189 29.05
190 29.11
191 29.18
192 29.24
193 29.31
194 29.37
195 29.44
196 29.50
197 29.57
198 29.63
199 29.70
200 29.77
201 29.83
202 29.90
203 29.96
204 30.03
205 30.09
206 30.16
207 30.22
208 30.29
209 30.35
210 30.42
211 30.48
212 30.55
213 30.61
214 30.68
215 30.74
216 30.81
217 30.87
218 30.94
219 31.01
220 31.07
221 31.14
222 31.20
223 31.27
224 31.33
225 31.40
226 31.46
227 31.53
228 31.59
229 31.66
230 31.72
231 31.79
232 31.85
233 31.92
234 31.98
235 32.05
236 32.11
237 32.18
238 32.25
239 32.31
240 32.38
241 32.44
242 32.51
243 32.57
244 32.64
245 32.70
246 32.77
247 32.83
248 32.90
249 32.96
250 33.03
251 33.09
252 33.16
253 33.22
254 33.29
255 33.36
256 33.42
257 33.49
258 26.52
259 6.63
260 27.63
261 5.86
262 28.59
263 5.01
264 29.62
265 4.08
266 30.74
267 3.08
268 31.94
269 1.98
270 33.23
271 0.79
272 34.46
273 34.53
1
0 0.00
1 0.00
2 16.84
3 16.91
4 16.97
5 17.04
6 17.10
7 17.17
8 17.23
9 17.30
10 17.36
11 17.43
12 17.49
13 17.56
14 17.62
15 17.69
16 17.75
17 17.82
18 17.89
19 17.95
20 18.02
21 18.08
22 18.15
23 18.21
24 18.28
25 18.34
26 18.41
27 18.47
28 18.54
29 18.60
30 18.67
31 18.73
32 0.00
33 0.00
34 18.93
35 18.99
36 19.06
37 19.13
38 19.19
39 19.26
40 19.32
41 19.39
42 19.45
43 19.52
44 19.58
45 19.65
46 19.71
47 19.78
48 19.84
49 19.91
50 19.97
51 20.04
52 20.10
53 20.17
54 20.23
55 20.30
56 20.37
57 20.43
58 20.50
59 20.56
60 20.63
61 20.69
62 20.76
63 20.82
64 0.00
65 0.00
66 21.02
67 21.08
68 21.15
69 21.21
70 21.28
71 21.34
72 21.41
73 21.48
74 21.54
75 21.61
76 21.67
77 21.74
78 21.80
79 21.87
80 21.93
81 22.00
82 22.06
83 22.13
84 22.19
85 22.26
86 22.32
87 22.39
88 22.45
89 22.52
90 22.58
91 22.65
92 22.72
93 22.78
94 22.85
95 22.91
96 0.00
97 0.00
98 23.11
99 23.17
100 23.24
101 23.30
102 23.37
103 23.43
104 23.50
105 23.56
106 23.63
107 23.69
108 23.76
109 23.83
110 23.89
111 23.96
112 24.02
113 24.09
114 24.15
115 24.22
116 24.28
117 24.35
118 24.41
119 24.48
120 24.54
121 24.61
122 24.67
123 24.74
124 24.80
125 24.87
126 24.93
127 25.00
128 0.00
129 0.00
130 25.20
131 25.26
132 25.33
133 25.39
134 25.46
135 25.52
136 25.59
137 25.65
138 25.72
139 25.78
140 25.85
141 25.91
142 25.98
143 26.04
144 26.11
145 26.17
146 26.24
147 26.31
148 26.37
149 26.44
150 26.50
151 26.57
152 26.63
153 26.70
154 26.76
155 26.83
156 26.89
157 26.96
158 27.02
159 27.09
160 0.00
161 0.00
162 27.28
163 27.35
164 27.42
165 27.48
166 27.55
167 27.61
168 27.68
169 27.74
170 27.81
171 27.87
172 27.94
173 28.00
174 28.07
175 28.13
176 28.20
177 28.26
178 28.33
179 28.39
180 28.46
181 28.52
182 28.59
183 28.66
184 28.72
185 28.79
186 28.85
187 28.92
188 28.98
189 29.05
190 29.11
191 29.18
192 0.00
193 0.00
194 29.37
195 29.44
196 29.50
197 29.57
198 29.63
199 29.70
200 29.77
201 29.83
202 29.90
203 29.96
204 30.03
205 30.09
206 30.16
207 30.22
208 30.29
209 30.35
210 30.42
211 30.48
212 30.55
213 30.61
214 30.68
215 30.74
216 30.81
217 30.87
218 30.94
219 31.01
220 31.07
221 31.14
222 31.20
223 31.27
224 0.00
225 0.00
226 31.46
227 31.53
228 31.59
229 31.66
230 31.72
231 31.79
232 31.85
233 31.92
234 31.98
235 32.05
236 32.11
237 32.18
238 32.25
239 32.31
240 32.38
241 32.44
242 32.51
243 32.57
244 32.64
245 32.70
246 32.77
247 32.83
248 32.90
249 32.96
250 33.03
251 33.09
252 33.16
253 33.22
254 33.29
255 33.36
256 0.00
257 0.00
258 26.31
259 6.43
260 27.43
261 5.65
262 28.37
263 4.78
264 29.39
265 3.84
266 30.48
267 2.81
268 31.66
269 1.69
270 32.93
271 0.48
272 34.30
273 0.00
After UPPASS 
CUDA error SPLIT: invalid argument
0
0 16.71
1 16.78
2 16.84
3 16.91
4 16.97
5 17.04
6 17.10
7 17.17
8 17.23
9 17.30
10 17.36
11 17.43
12 17.49
13 17.56
14 17.62
15 17.69
16 17.75
17 17.82
18 17.89
19 17.95
20 18.02
21 18.08
22 18.15
23 18.21
24 18.28
25 18.34
26 18.41
27 18.47
28 18.54
29 18.60
30 18.67
31 18.73
32 18.80
33 18.86
34 18.93
35 18.99
36 19.06
37 19.13
38 19.19
39 19.26
40 19.32
41 19.39
42 19.45
43 19.52
44 19.58
45 19.65
46 19.71
47 19.78
48 19.84
49 19.91
50 19.97
51 20.04
52 20.10
53 20.17
54 20.23
55 20.30
56 20.37
57 20.43
58 20.50
59 20.56
60 20.63
61 20.69
62 20.76
63 20.82
64 20.89
65 20.95
66 21.02
67 21.08
68 21.15
69 21.21
70 21.28
71 21.34
72 21.41
73 21.48
74 21.54
75 21.61
76 21.67
77 21.74
78 21.80
79 21.87
80 21.93
81 22.00
82 22.06
83 22.13
84 22.19
85 22.26
86 22.32
87 22.39
88 22.45
89 22.52
90 22.58
91 22.65
92 22.72
93 22.78
94 22.85
95 22.91
96 22.98
97 23.04
98 23.11
99 23.17
100 23.24
101 23.30
102 23.37
103 23.43
104 23.50
105 23.56
106 23.63
107 23.69
108 23.76
109 23.83
110 23.89
111 23.96
112 24.02
113 24.09
114 24.15
115 24.22
116 24.28
117 24.35
118 24.41
119 24.48
120 24.54
121 24.61
122 24.67
123 24.74
124 24.80
125 24.87
126 24.93
127 25.00
128 25.07
129 25.13
130 25.20
131 25.26
132 25.33
133 25.39
134 25.46
135 25.52
136 25.59
137 25.65
138 25.72
139 25.78
140 25.85
141 25.91
142 25.98
143 26.04
144 26.11
145 26.17
146 26.24
147 26.31
148 26.37
149 26.44
150 26.50
151 26.57
152 26.63
153 26.70
154 26.76
155 26.83
156 26.89
157 26.96
158 27.02
159 27.09
160 27.15
161 27.22
162 27.28
163 27.35
164 27.42
165 27.48
166 27.55
167 27.61
168 27.68
169 27.74
170 27.81
171 27.87
172 27.94
173 28.00
174 28.07
175 28.13
176 28.20
177 28.26
178 28.33
179 28.39
180 28.46
181 28.52
182 28.59
183 28.66
184 28.72
185 28.79
186 28.85
187 28.92
188 28.98
189 29.05
190 29.11
191 29.18
192 29.24
193 29.31
194 29.37
195 29.44
196 29.50
197 29.57
198 29.63
199 29.70
200 29.77
201 29.83
202 29.90
203 29.96
204 30.03
205 30.09
206 30.16
207 30.22
208 30.29
209 30.35
210 30.42
211 30.48
212 30.55
213 30.61
214 30.68
215 30.74
216 30.81
217 30.87
218 30.94
219 31.01
220 31.07
221 31.14
222 31.20
223 31.27
224 31.33
225 31.40
226 31.46
227 31.53
228 31.59
229 31.66
230 31.72
231 31.79
232 31.85
233 31.92
234 31.98
235 32.05
236 32.11
237 32.18
238 32.25
239 32.31
240 32.38
241 32.44
242 32.51
243 32.57
244 32.64
245 32.70
246 32.77
247 32.83
248 32.90
249 32.96
250 33.03
251 33.09
252 33.16
253 33.22
254 33.29
255 33.36
256 33.42
257 33.49
258 33.55
259 33.62
260 33.68
261 33.75
262 33.81
263 33.88
264 33.94
265 34.01
266 34.07
267 34.14
268 34.20
269 34.27
270 34.33
271 34.40
272 34.46
273 34.53
1
0 0.00
1 0.00
2 16.84
3 16.91
4 16.97
5 17.04
6 17.10
7 17.17
8 17.23
9 17.30
10 17.36
11 17.43
12 17.49
13 17.56
14 17.62
15 17.69
16 17.75
17 17.82
18 17.89
19 17.95
20 18.02
21 18.08
22 18.15
23 18.21
24 18.28
25 18.34
26 18.41
27 18.47
28 18.54
29 18.60
30 18.67
31 18.73
32 0.00
33 0.00
34 18.93
35 18.99
36 19.06
37 19.13
38 19.19
39 19.26
40 19.32
41 19.39
42 19.45
43 19.52
44 19.58
45 19.65
46 19.71
47 19.78
48 19.84
49 19.91
50 19.97
51 20.04
52 20.10
53 20.17
54 20.23
55 20.30
56 20.37
57 20.43
58 20.50
59 20.56
60 20.63
61 20.69
62 20.76
63 20.82
64 0.00
65 0.00
66 21.02
67 21.08
68 21.15
69 21.21
70 21.28
71 21.34
72 21.41
73 21.48
74 21.54
75 21.61
76 21.67
77 21.74
78 21.80
79 21.87
80 21.93
81 22.00
82 22.06
83 22.13
84 22.19
85 22.26
86 22.32
87 22.39
88 22.45
89 22.52
90 22.58
91 22.65
92 22.72
93 22.78
94 22.85
95 22.91
96 0.00
97 0.00
98 23.11
99 23.17
100 23.24
101 23.30
102 23.37
103 23.43
104 23.50
105 23.56
106 23.63
107 23.69
108 23.76
109 23.83
110 23.89
111 23.96
112 24.02
113 24.09
114 24.15
115 24.22
116 24.28
117 24.35
118 24.41
119 24.48
120 24.54
121 24.61
122 24.67
123 24.74
124 24.80
125 24.87
126 24.93
127 25.00
128 0.00
129 0.00
130 25.20
131 25.26
132 25.33
133 25.39
134 25.46
135 25.52
136 25.59
137 25.65
138 25.72
139 25.78
140 25.85
141 25.91
142 25.98
143 26.04
144 26.11
145 26.17
146 26.24
147 26.31
148 26.37
149 26.44
150 26.50
151 26.57
152 26.63
153 26.70
154 26.76
155 26.83
156 26.89
157 26.96
158 27.02
159 27.09
160 0.00
161 0.00
162 27.28
163 27.35
164 27.42
165 27.48
166 27.55
167 27.61
168 27.68
169 27.74
170 27.81
171 27.87
172 27.94
173 28.00
174 28.07
175 28.13
176 28.20
177 28.26
178 28.33
179 28.39
180 28.46
181 28.52
182 28.59
183 28.66
184 28.72
185 28.79
186 28.85
187 28.92
188 28.98
189 29.05
190 29.11
191 29.18
192 0.00
193 0.00
194 29.37
195 29.44
196 29.50
197 29.57
198 29.63
199 29.70
200 29.77
201 29.83
202 29.90
203 29.96
204 30.03
205 30.09
206 30.16
207 30.22
208 30.29
209 30.35
210 30.42
211 30.48
212 30.55
213 30.61
214 30.68
215 30.74
216 30.81
217 30.87
218 30.94
219 31.01
220 31.07
221 31.14
222 31.20
223 31.27
224 0.00
225 0.00
226 31.46
227 31.53
228 31.59
229 31.66
230 31.72
231 31.79
232 31.85
233 31.92
234 31.98
235 32.05
236 32.11
237 32.18
238 32.25
239 32.31
240 32.38
241 32.44
242 32.51
243 32.57
244 32.64
245 32.70
246 32.77
247 32.83
248 32.90
249 32.96
250 33.03
251 33.09
252 33.16
253 33.22
254 33.29
255 33.36
256 0.00
257 0.00
258 0.00
259 0.00
260 0.00
261 0.00
262 0.00
263 0.00
264 0.00
265 0.00
266 0.00
267 0.00
268 0.00
269 0.00
270 0.00
271 0.00
272 0.00
273 0.00
After: 176 - 5 - 0 - 28.33 
After: 177 - 5 - 1 - 28.39 
After: 178 - 5 - 2 - 28.46 
After: 179 - 5 - 3 - 28.52 
After: 180 - 5 - 4 - 28.59 
After: 181 - 5 - 5 - 28.66 
After: 182 - 5 - 6 - 28.72 
After: 183 - 5 - 7 - 28.79 
After: 184 - 5 - 8 - 28.85 
After: 185 - 5 - 9 - 28.92 
After: 186 - 5 - 10 - 28.98 
After: 187 - 5 - 11 - 29.05 
After: 188 - 5 - 12 - 29.06 
After: 189 - 5 - 13 - 27.43 
After: 190 - 5 - 14 - 1.93 
After: 191 - 5 - 15 - 1.95 
After: 192 - 5 - 16 - 27.62 
After: 193 - 5 - 17 - 29.39 
After: 194 - 5 - 18 - 29.50 
After: 195 - 5 - 19 - 29.57 
After: 196 - 5 - 20 - 29.63 
After: 197 - 5 - 21 - 29.70 
After: 198 - 5 - 22 - 29.77 
After: 199 - 5 - 23 - 29.83 
After: 200 - 5 - 24 - 29.90 
After: 201 - 5 - 25 - 29.96 
After: 202 - 5 - 26 - 30.03 
After: 203 - 5 - 27 - 30.09 
After: 204 - 5 - 28 - 30.16 
After: 205 - 5 - 29 - 30.22 
After: 206 - 5 - 30 - 30.29 
After: 207 - 5 - 31 - 30.35 
After: 16 - 0 - 0 - 17.89 
After: 17 - 0 - 1 - 17.95 
After: 18 - 0 - 2 - 18.02 
After: 19 - 0 - 3 - 18.08 
After: 20 - 0 - 4 - 18.15 
After: 21 - 0 - 5 - 18.21 
After: 22 - 0 - 6 - 18.28 
After: 23 - 0 - 7 - 18.34 
After: 24 - 0 - 8 - 18.41 
After: 25 - 0 - 9 - 18.47 
After: 26 - 0 - 10 - 18.54 
After: 27 - 0 - 11 - 18.60 
After: 28 - 0 - 12 - 18.63 
After: 29 - 0 - 13 - 17.61 
After: 30 - 0 - 14 - 1.24 
After: 31 - 0 - 15 - 1.25 
After: 32 - 0 - 16 - 17.80 
After: 33 - 0 - 17 - 18.96 
After: 34 - 0 - 18 - 19.06 
After: 35 - 0 - 19 - 19.13 
After: 36 - 0 - 20 - 19.19 
After: 37 - 0 - 21 - 19.26 
After: 38 - 0 - 22 - 19.32 
After: 39 - 0 - 23 - 19.39 
After: 40 - 0 - 24 - 19.45 
After: 41 - 0 - 25 - 19.52 
After: 42 - 0 - 26 - 19.58 
After: 43 - 0 - 27 - 19.65 
After: 44 - 0 - 28 - 19.71 
After: 45 - 0 - 29 - 19.78 
After: 46 - 0 - 30 - 19.84 
After: 47 - 0 - 31 - 19.91 
After: 240 - 7 - 0 - 32.51 
After: 241 - 7 - 1 - 32.57 
After: 242 - 7 - 2 - 32.64 
After: 243 - 7 - 3 - 32.70 
After: 244 - 7 - 4 - 32.77 
After: 245 - 7 - 5 - 32.83 
After: 246 - 7 - 6 - 32.90 
After: 247 - 7 - 7 - 32.96 
After: 248 - 7 - 8 - 33.03 
After: 249 - 7 - 9 - 33.09 
After: 250 - 7 - 10 - 33.16 
After: 251 - 7 - 11 - 33.22 
After: 252 - 7 - 12 - 33.23 
After: 253 - 7 - 13 - 31.36 
After: 254 - 7 - 14 - 2.20 
After: 255 - 7 - 15 - 2.03 
After: 256 - 7 - 16 - 29.70 
After: 257 - 7 - 17 - 3.54 
After: 258 - 7 - 18 - 30.38 
After: 259 - 7 - 19 - 3.04 
After: 260 - 7 - 20 - 31.03 
After: 261 - 7 - 21 - 2.52 
After: 262 - 7 - 22 - 31.70 
After: 263 - 7 - 23 - 1.97 
After: 264 - 7 - 24 - 32.39 
After: 265 - 7 - 25 - 1.39 
After: 266 - 7 - 26 - 33.11 
After: 267 - 7 - 27 - 0.79 
After: 268 - 7 - 28 - 33.86 
After: 269 - 7 - 29 - 0.16 
After: 270 - 7 - 30 - 34.46 
After: 271 - 7 - 31 - 34.53 
After: 80 - 2 - 0 - 22.06 
After: 81 - 2 - 1 - 22.13 
After: 82 - 2 - 2 - 22.19 
After: 83 - 2 - 3 - 22.26 
After: 84 - 2 - 4 - 22.32 
After: 85 - 2 - 5 - 22.39 
After: 86 - 2 - 6 - 22.45 
After: 87 - 2 - 7 - 22.52 
After: 88 - 2 - 8 - 22.58 
After: 89 - 2 - 9 - 22.65 
After: 90 - 2 - 10 - 22.72 
After: 91 - 2 - 11 - 22.78 
After: 92 - 2 - 12 - 22.80 
After: 93 - 2 - 13 - 21.54 
After: 94 - 2 - 14 - 1.52 
After: 95 - 2 - 15 - 1.53 
After: 96 - 2 - 16 - 21.73 
After: 97 - 2 - 17 - 23.13 
After: 98 - 2 - 18 - 23.24 
After: 99 - 2 - 19 - 23.30 
After: 100 - 2 - 20 - 23.37 
After: 101 - 2 - 21 - 23.43 
After: 102 - 2 - 22 - 23.50 
After: 103 - 2 - 23 - 23.56 
After: 104 - 2 - 24 - 23.63 
After: 105 - 2 - 25 - 23.69 
After: 106 - 2 - 26 - 23.76 
After: 107 - 2 - 27 - 23.83 
After: 108 - 2 - 28 - 23.89 
After: 109 - 2 - 29 - 23.96 
After: 110 - 2 - 30 - 24.02 
After: 111 - 2 - 31 - 24.09 
After: 112 - 3 - 0 - 24.15 
After: 113 - 3 - 1 - 24.22 
After: 114 - 3 - 2 - 24.28 
After: 115 - 3 - 3 - 24.35 
After: 116 - 3 - 4 - 24.41 
After: 117 - 3 - 5 - 24.48 
After: 118 - 3 - 6 - 24.54 
After: 119 - 3 - 7 - 24.61 
After: 120 - 3 - 8 - 24.67 
After: 121 - 3 - 9 - 24.74 
After: 122 - 3 - 10 - 24.80 
After: 123 - 3 - 11 - 24.87 
After: 124 - 3 - 12 - 24.89 
After: 125 - 3 - 13 - 23.50 
After: 126 - 3 - 14 - 1.66 
After: 127 - 3 - 15 - 1.67 
After: 128 - 3 - 16 - 23.69 
After: 129 - 3 - 17 - 25.22 
After: 130 - 3 - 18 - 25.33 
After: 131 - 3 - 19 - 25.39 
After: 132 - 3 - 20 - 25.46 
After: 133 - 3 - 21 - 25.52 
After: 134 - 3 - 22 - 25.59 
After: 135 - 3 - 23 - 25.65 
After: 136 - 3 - 24 - 25.72 
After: 137 - 3 - 25 - 25.78 
After: 138 - 3 - 26 - 25.85 
After: 139 - 3 - 27 - 25.91 
After: 140 - 3 - 28 - 25.98 
After: 141 - 3 - 29 - 26.04 
After: 142 - 3 - 30 - 26.11 
After: 143 - 3 - 31 - 26.17 
After: 208 - 6 - 0 - 30.42 
After: 209 - 6 - 1 - 30.48 
After: 210 - 6 - 2 - 30.55 
After: 211 - 6 - 3 - 30.61 
After: 212 - 6 - 4 - 30.68 
After: 213 - 6 - 5 - 30.74 
After: 214 - 6 - 6 - 30.81 
After: 215 - 6 - 7 - 30.87 
After: 216 - 6 - 8 - 30.94 
After: 217 - 6 - 9 - 31.01 
After: 218 - 6 - 10 - 31.07 
After: 219 - 6 - 11 - 31.13 
After: 220 - 6 - 12 - 31.14 
After: 221 - 6 - 13 - 29.39 
After: 222 - 6 - 14 - 2.07 
After: 223 - 6 - 15 - 2.09 
After: 224 - 6 - 16 - 29.59 
After: 225 - 6 - 17 - 31.47 
After: 226 - 6 - 18 - 31.59 
After: 227 - 6 - 19 - 31.66 
After: 228 - 6 - 20 - 31.72 
After: 229 - 6 - 21 - 31.79 
After: 230 - 6 - 22 - 31.85 
After: 231 - 6 - 23 - 31.92 
After: 232 - 6 - 24 - 31.98 
After: 233 - 6 - 25 - 32.05 
After: 234 - 6 - 26 - 32.11 
After: 235 - 6 - 27 - 32.18 
After: 236 - 6 - 28 - 32.25 
After: 237 - 6 - 29 - 32.31 
After: 238 - 6 - 30 - 32.38 
After: 239 - 6 - 31 - 32.44 
After: 48 - 1 - 0 - 19.97 
After: 49 - 1 - 1 - 20.04 
After: 50 - 1 - 2 - 20.10 
After: 51 - 1 - 3 - 20.17 
After: 52 - 1 - 4 - 20.23 
After: 53 - 1 - 5 - 20.30 
After: 54 - 1 - 6 - 20.37 
After: 55 - 1 - 7 - 20.43 
After: 56 - 1 - 8 - 20.50 
After: 57 - 1 - 9 - 20.56 
After: 58 - 1 - 10 - 20.63 
After: 59 - 1 - 11 - 20.69 
After: 60 - 1 - 12 - 20.72 
After: 61 - 1 - 13 - 19.57 
After: 62 - 1 - 14 - 1.38 
After: 63 - 1 - 15 - 1.39 
After: 64 - 1 - 16 - 19.77 
After: 65 - 1 - 17 - 21.05 
After: 66 - 1 - 18 - 21.15 
After: 67 - 1 - 19 - 21.21 
After: 68 - 1 - 20 - 21.28 
After: 69 - 1 - 21 - 21.34 
After: 70 - 1 - 22 - 21.41 
After: 71 - 1 - 23 - 21.48 
After: 72 - 1 - 24 - 21.54 
After: 73 - 1 - 25 - 21.61 
After: 74 - 1 - 26 - 21.67 
After: 75 - 1 - 27 - 21.74 
After: 76 - 1 - 28 - 21.80 
After: 77 - 1 - 29 - 21.87 
After: 78 - 1 - 30 - 21.93 
After: 79 - 1 - 31 - 22.00 
After: 144 - 4 - 0 - 26.24 
After: 145 - 4 - 1 - 26.31 
After: 146 - 4 - 2 - 26.37 
After: 147 - 4 - 3 - 26.44 
After: 148 - 4 - 4 - 26.50 
After: 149 - 4 - 5 - 26.57 
After: 150 - 4 - 6 - 26.63 
After: 151 - 4 - 7 - 26.70 
After: 152 - 4 - 8 - 26.76 
After: 153 - 4 - 9 - 26.83 
After: 154 - 4 - 10 - 26.89 
After: 155 - 4 - 11 - 26.96 
After: 156 - 4 - 12 - 26.97 
After: 157 - 4 - 13 - 25.47 
After: 158 - 4 - 14 - 1.80 
After: 159 - 4 - 15 - 1.81 
After: 160 - 4 - 16 - 25.66 
After: 161 - 4 - 17 - 27.30 
After: 162 - 4 - 18 - 27.41 
After: 163 - 4 - 19 - 27.48 
After: 164 - 4 - 20 - 27.55 
After: 165 - 4 - 21 - 27.61 
After: 166 - 4 - 22 - 27.68 
After: 167 - 4 - 23 - 27.74 
After: 168 - 4 - 24 - 27.81 
After: 169 - 4 - 25 - 27.87 
After: 170 - 4 - 26 - 27.94 
After: 171 - 4 - 27 - 28.00 
After: 172 - 4 - 28 - 28.07 
After: 173 - 4 - 29 - 28.13 
After: 174 - 4 - 30 - 28.20 
After: 175 - 4 - 31 - 28.26 
CUDA error WHOLE: invalid argument
-------------------------------------------------------
Primary job  terminated normally, but 1 process returned
a non-zero exit code.. Per user-direction, the job has been aborted.
-------------------------------------------------------
--------------------------------------------------------------------------
mpirun detected that one or more processes exited with non-zero status, thus causing
the job to be terminated. The first process to do so was:

  Process name: [[62398,1],0]
  Exit code:    255
--------------------------------------------------------------------------
